total trips,total member,total casual
977,960,17
2534,1637,897
1208,679,529
1922,656,1266
563,518,45
84,66,18
1925,1478,447
927,793,134
1208,1117,91
42,42,0
620,444,176
52,50,2
2302,2152,150
377,354,23
6234,2490,3744
3029,2051,978
500,474,26
137,129,8
4294,3484,810
876,627,249
502,379,123
136,120,16
778,719,59
92,88,4
603,455,148
1318,1304,14
1888,1642,246
1660,1350,310
111,88,23
1394,1149,245
94,93,1
1210,1181,29
1115,907,208
4269,2547,1722
173,135,38
443,289,154
296,275,21
74,72,2
1965,1178,787
3096,2074,1022
96,73,23
517,470,47
596,584,12
242,234,8
778,574,204
168,154,14
5586,2885,2701
965,645,320
45,44,1
3339,2520,819
45,41,4
16,16,0
1265,1161,104
345,332,13
619,612,7
506,354,152
2456,1236,1220
166,149,17
729,676,53
1470,1172,298
215,211,4
118,82,36
31,21,10
2147,1695,452
142,134,8
1002,892,110
65,59,6
2086,1729,357
2641,1257,1384
2270,2059,211
577,483,94
948,935,13
2128,1105,1023
233,214,19
34,26,8
1432,1177,255
693,683,10
1275,1205,70
609,326,283
144,139,5
531,302,229
2861,2209,652
483,350,133
505,496,9
126,116,10
542,399,143
621,594,27
2281,1099,1182
316,221,95
1289,553,736
609,579,30
758,544,214
3991,3202,789
60,53,7
63,61,2
2756,2564,192
931,911,20
183,162,21
1885,1537,348
271,236,35
218,116,102
36,22,14
547,514,33
2311,1774,537
2154,2034,120
2257,2194,63
177,143,34
1342,1037,305
636,586,50
73,68,5
6052,3267,2785
188,178,10
3911,1822,2089
992,931,61
947,876,71
608,572,36
29,27,2
1107,521,586
145,84,61
324,311,13
1574,1050,524
2132,1533,599
585,563,22
924,916,8
3725,2046,1679
49,43,6
1498,1467,31
2241,1682,559
270,224,46
569,448,121
5474,2466,3008
447,442,5
319,308,11
1720,1404,316
1821,1302,519
360,299,61
1698,1627,71
103,86,17
251,182,69
3252,1186,2066
1259,915,344
56,53,3
195,184,11
4247,2289,1958
94,90,4
1427,1359,68
2026,1635,391
792,243,549
937,905,32
665,650,15
427,345,82
63,62,1
476,426,50
3477,2191,1286
1659,1568,91
58,55,3
314,193,121
795,648,147
3538,2009,1529
1482,1190,292
486,461,25
383,369,14
151,136,15
126,123,3
1146,961,185
805,735,70
2922,1043,1879
1950,1115,835
590,558,32
203,197,6
66,57,9
67,65,2
1690,1300,390
2341,1385,956
851,784,67
822,793,29
1651,1590,61
110,86,24
697,672,25
1485,538,947
136,134,2
512,506,6
818,766,52
2768,1864,904
21,20,1
594,480,114
20,19,1
221,212,9
1187,887,300
573,499,74
2075,1455,620
4343,2576,1767
5281,3473,1808
48,48,0
2209,830,1379
249,230,19
1920,1488,432
1092,1027,65
152,110,42
1503,1427,76
72,70,2
983,881,102
189,143,46
1257,1116,141
2725,1777,948
383,370,13
1453,1413,40
1027,918,109
539,505,34
440,435,5
972,944,28
816,392,424
65,64,1
264,212,52
3512,1210,2302
367,362,5
955,928,27
150,135,15
27,26,1
882,800,82
768,711,57
1136,847,289
1719,647,1072
226,225,1
334,327,7
1358,1309,49
621,585,36
2975,1188,1787
2660,2353,307
796,788,8
726,668,58
1427,1399,28
460,394,66
1140,982,158
90,85,5
1058,684,374
1581,1310,271
162,139,23
509,452,57
102,95,7
3573,1962,1611
518,503,15
2021,1828,193
4778,3370,1408
34,32,2
3980,2811,1169
157,109,48
87,52,35
350,291,59
1733,1263,470
740,657,83
1426,1177,249
1311,1268,43
117,112,5
53,52,1
1923,1201,722
597,436,161
551,349,202
2052,1242,810
773,704,69
1341,721,620
5586,3246,2340
447,352,95
2501,1950,551
2740,965,1775
3417,2397,1020
572,411,161
250,248,2
75,70,5
326,307,19
998,910,88
1525,1121,404
157,147,10
9406,3772,5634
671,579,92
1625,1590,35
1841,1079,762
389,318,71
9,9,0
794,754,40
83,80,3
1107,1081,26
1376,933,443
2138,1954,184
2118,1995,123
1136,1002,134
43,41,2
973,927,46
436,402,34
779,733,46
268,165,103
44,44,0
60,53,7
396,386,10
1074,1057,17
1673,1629,44
3726,2038,1688
1248,904,344
4362,3165,1197
4331,3399,932
7104,3921,3183
419,335,84
863,787,76
1568,1390,178
64,57,7
985,753,232
350,185,165
62,60,2
582,496,86
62,44,18
100,99,1
928,871,57
3313,2841,472
588,494,94
365,332,33
230,217,13
1659,1042,617
863,778,85
59,57,2
771,636,135
810,781,29
95,85,10
881,826,55
1017,749,268
790,648,142
931,582,349
1747,977,770
1834,1237,597
3513,1232,2281
439,429,10
282,174,108
1014,845,169
320,238,82
1181,897,284
330,321,9
2032,1606,426
185,155,30
429,324,105
283,250,33
379,378,1
481,349,132
317,173,144
352,244,108
1539,1203,336
1025,776,249
399,236,163
2939,1920,1019
120,106,14
2419,863,1556
538,516,22
214,191,23
204,131,73
1445,1265,180
1096,1080,16
266,260,6
662,657,5
3892,2176,1716
317,307,10
1844,914,930
529,463,66
2117,1989,128
572,546,26
103,101,2
1084,763,321
689,526,163
1198,1186,12
105,98,7
3614,2338,1276
1967,1689,278
3570,3188,382
2177,2094,83
451,426,25
1295,1136,159
124,122,2
717,693,24
2908,2618,290
2187,2005,182
804,773,31
1036,758,278
1378,1029,349
246,237,9
2776,2193,583
64,58,6
493,397,96
531,373,158
2571,1487,1084
1845,1536,309
1501,1136,365
3387,2798,589
1486,1293,193
122,85,37
242,225,17
367,290,77
102,87,15
2941,1676,1265
2016,1927,89
273,216,57
1643,1498,145
1204,1046,158
642,622,20
2510,1691,819
402,393,9
745,541,204
410,268,142
1642,1576,66
628,545,83
413,409,4
1054,872,182
815,781,34
346,181,165
867,713,154
4165,2094,2071
243,237,6
90,83,7
67,62,5
481,469,12
1655,1453,202
3095,2889,206
424,303,121
56,55,1
304,288,16
2846,2058,788
350,303,47
216,154,62
289,277,12
467,462,5
193,182,11
2279,1703,576
59,57,2
6,6,0
1120,1042,78
1426,990,436
1109,996,113
1169,1161,8
826,735,91
77,64,13
762,663,99
612,594,18
555,539,16
701,567,134
1338,797,541
686,680,6
2256,1872,384
204,185,19
116,114,2
79,68,11
401,202,199
537,506,31
3788,1818,1970
1712,1288,424
1413,1158,255
1037,967,70
3109,2284,825
153,118,35
836,470,366
756,723,33
1254,899,355
2633,2324,309
5551,2517,3034
481,467,14
3113,2430,683
3214,2639,575
3308,1814,1494
648,505,143
906,609,297
4832,2973,1859
1796,1361,435
1808,1747,61
343,283,60
1557,772,785
2814,1854,960
1185,876,309
1026,850,176
137,137,0
18,18,0
1442,1077,365
5797,3395,2402
1398,1269,129
1506,1347,159
2299,1351,948
105,69,36
27,27,0
265,251,14
505,386,119
1126,1084,42
1075,1055,20
818,736,82
1617,1496,121
2621,1946,675
919,840,79
1128,1003,125
1391,992,399
1423,1093,330
869,798,71
1574,1134,440
1344,1313,31
1469,1114,355
666,659,7
786,642,144
2592,2003,589
252,198,54
331,275,56
2184,1671,513
65,63,2
142,118,24
641,577,64
565,542,23
4805,3498,1307
278,275,3
326,292,34
382,376,6
1601,1371,230
42,40,2
582,317,265
95,91,4
64,59,5
4415,3683,732
227,187,40
2827,1854,973
654,633,21
661,527,134
2449,2375,74
428,391,37
1657,1248,409
2331,949,1382
231,102,129
1763,1042,721
1130,1115,15
1587,1273,314
1301,884,417
41,39,2
285,274,11
3410,2995,415
1778,1752,26
1546,1429,117
4089,3300,789
956,926,30
1073,907,166
42,42,0
747,568,179
648,620,28
765,668,97
621,465,156
398,351,47
346,290,56
5767,2979,2788
297,293,4
2459,2367,92
212,183,29
2614,1758,856
1035,653,382
2783,1901,882
475,473,2
5700,3508,2192
2239,1325,914
1631,1433,198
1527,990,537
2418,1250,1168
751,653,98
240,174,66
1737,1485,252
856,757,99
1354,1217,137
486,479,7
1803,1555,248
520,438,82
2653,2152,501
946,562,384
425,422,3
775,707,68
220,183,37
1126,909,217
94,90,4
2253,1615,638
972,943,29
824,765,59
1081,881,200
29,29,0
2281,1500,781
144,93,51
449,387,62
2812,1757,1055
331,238,93
1793,1211,582
176,112,64
2313,2205,108
150,105,45
1531,1272,259
21,20,1
1453,1423,30
2039,1530,509
747,612,135
337,332,5
790,546,244
326,245,81
609,224,385
4057,2308,1749
15,14,1
1725,1435,290
262,245,17
467,308,159
2374,1383,991
607,493,114
1092,891,201
302,289,13
204,168,36
546,517,29
998,794,204
1860,1302,558
37,37,0
1346,1046,300
1609,1565,44
641,242,399
510,472,38
78,77,1
36,33,3
15,15,0
82,80,2
3323,2897,426
49,47,2
2073,1757,316
1411,929,482
177,171,6
3358,2585,773
6141,3413,2728
256,222,34
1223,1065,158
3193,1970,1223
902,645,257
942,918,24
644,499,145
62,62,0
787,744,43
1223,1079,144
2153,2058,95
317,211,106
1927,1078,849
830,553,277
576,520,56
1684,1630,54
4667,3634,1033
678,652,26
467,344,123
146,116,30
1883,1561,322
1120,523,597
879,678,201
97,74,23
3219,1844,1375
82,80,2
2356,1845,511
1198,1071,127
869,853,16
97,96,1
103,96,7
385,358,27
903,793,110
1444,1191,253
207,202,5
1234,1086,148
1018,837,181
1213,893,320
1206,531,675
381,380,1
2062,1503,559
184,180,4
339,264,75
329,264,65
424,416,8
808,783,25
2122,2031,91
253,249,4
3921,1812,2109
853,831,22
235,233,2
113,94,19
2988,1637,1351
1033,392,641
2684,1848,836
1144,692,452
1897,1840,57
406,390,16
4110,2068,2042
1308,1029,279
6061,2526,3535
1230,940,290
1567,510,1057
1147,1106,41
2678,1611,1067
1767,1696,71
923,302,621
564,558,6
353,309,44
1117,1086,31
1477,1423,54
3709,1912,1797
48,48,0
768,322,446
331,259,72
852,686,166
67,50,17
4261,2990,1271
513,483,30
475,298,177
1431,1206,225
197,189,8
45,43,2
405,374,31
161,144,17
1418,768,650
97,96,1
2270,1756,514
2315,1907,408
49,43,6
1306,1188,118
40,38,2
128,89,39
175,73,102
852,615,237
752,652,100
2338,1929,409
151,139,12
75,68,7
103,89,14
293,179,114
1227,984,243
418,174,244
77,75,2
2228,1498,730
1093,1050,43
1302,1045,257
617,527,90
500,482,18
43,42,1
2089,1954,135
1159,1057,102
1307,932,375
3821,2801,1020
2953,2096,857
960,905,55
24,23,1
261,249,12
524,425,99
490,230,260
1586,1246,340
151,146,5
1724,1328,396
266,236,30
2522,2320,202
241,162,79
1603,1344,259
796,668,128
1653,1620,33
3021,2026,995
192,158,34
3381,2925,456
22,20,2
5787,3157,2630
1592,1468,124
421,374,47
1274,840,434
665,527,138
302,281,21
1086,534,552
62,60,2
7730,4107,3623
111,108,3
63,59,4
697,541,156
76,73,3
933,747,186
676,623,53
132,109,23
1601,1189,412
532,501,31
1883,1550,333
449,251,198
5422,3087,2335
2995,2656,339
993,973,20
33,33,0
4855,3822,1033
673,626,47
1244,895,349
1380,806,574
40,40,0
1282,1269,13
473,429,44
2067,1494,573
142,135,7
170,155,15
2607,1792,815
165,121,44
3163,2116,1047
169,135,34
928,699,229
1059,845,214
2941,2713,228
2295,1843,452
1514,1113,401
755,720,35
165,161,4
3482,2434,1048
180,119,61
64,38,26
610,560,50
710,700,10
247,230,17
367,242,125
369,167,202
4528,2918,1610
1523,1441,82
691,546,145
525,418,107
723,530,193
98,85,13
2187,1833,354
1583,1223,360
115,70,45
6556,2555,4001
87,85,2
586,551,35
103,86,17
325,318,7
187,184,3
6044,3897,2147
100,97,3
938,714,224
1560,1215,345
4603,3339,1264
1837,1771,66
4543,2727,1816
1782,1512,270
497,368,129
2931,2708,223
1148,1014,134
355,303,52
60,48,12
630,550,80
2963,1995,968
2816,1985,831
1447,1160,287
3072,2108,964
567,518,49
283,175,108
2659,1696,963
1552,1469,83
1993,1561,432
1523,842,681
2639,2271,368
1365,1074,291
1214,507,707
878,774,104
630,540,90
1497,1192,305
170,169,1
325,257,68
764,638,126
193,168,25
2403,2241,162
894,851,43
646,575,71
57,56,1
1101,843,258
79,76,3
1308,1150,158
1872,1193,679
471,381,90
2595,1330,1265
718,388,330
204,198,6
519,427,92
58,57,1
333,221,112
57,55,2
380,370,10
543,477,66
2013,1546,467
4670,2698,1972
369,311,58
5365,3708,1657
373,204,169
2025,1901,124
812,691,121
483,471,12
606,354,252
1331,1050,281
1007,742,265
2278,1690,588
766,747,19
1425,1400,25
1882,1394,488
1259,984,275
190,182,8
1174,924,250
821,318,503
6324,3099,3225
897,757,140
1555,1347,208
116,78,38
4505,2658,1847
387,254,133
130,117,13
2663,1298,1365
6965,3291,3674
49,45,4
96,93,3
1496,1271,225
876,858,18
1952,1228,724
76,63,13
458,443,15
3255,2176,1079
105,83,22
1151,419,732
743,285,458
979,587,392
52,51,1
70,66,4
354,128,226
253,239,14
127,123,4
4235,3656,579
900,746,154
79,74,5
2649,2119,530
1582,1059,523
211,118,93
260,217,43
2272,2261,11
2122,1514,608
609,608,1
290,268,22
638,398,240
3928,2073,1855
15,14,1
3925,2303,1622
474,469,5
842,487,355
324,232,92
1766,1682,84
139,128,11
1603,624,979
326,258,68
108,90,18
2680,982,1698
267,265,2
58,56,2
4419,3794,625
55,51,4
704,678,26
25,25,0
3410,1033,2377
304,221,83
451,337,114
162,159,3
2579,1778,801
1386,1124,262
56,54,2
660,624,36
1772,1494,278
2518,1211,1307
176,176,0
4498,3305,1193
1397,1213,184
566,250,316
711,669,42
2964,1801,1163
1637,1360,277
663,622,41
58,55,3
2542,2465,77
1191,1164,27
320,214,106
1373,822,551
160,135,25
1472,1190,282
987,878,109
1226,1167,59
152,148,4
1469,1318,151
526,523,3
1857,1764,93
2400,1868,532
5369,2114,3255
604,508,96
1848,1769,79
988,642,346
1490,1189,301
1208,1045,163
1834,1727,107
1785,1718,67
6160,2737,3423
6264,3566,2698
2711,983,1728
2501,1497,1004
107,88,19
377,257,120
434,293,141
486,305,181
1510,956,554
1487,1256,231
2769,1444,1325
1640,1204,436
1029,966,63
617,600,17
310,285,25
121,121,0
1423,1391,32
2039,1706,333
266,249,17
135,42,93
419,319,100
2238,1503,735
1261,966,295
4207,1393,2814
535,343,192
524,307,217
505,340,165
2581,899,1682
392,389,3
1376,1233,143
353,313,40
271,230,41
191,128,63
126,103,23
2245,2078,167
1751,1004,747
211,164,47
1010,808,202
5476,2759,2717
763,672,91
229,197,32
162,130,32
248,235,13
553,420,133
525,421,104
2038,1945,93
1624,906,718
707,535,172
1075,956,119
74,71,3
589,573,16
1035,840,195
158,156,2
1932,1831,101
1017,895,122
26,24,2
1448,1308,140
1190,837,353
751,740,11
862,647,215
2074,1478,596
3874,2504,1370
539,456,83
4164,3274,890
178,170,8
115,112,3
944,908,36
1496,956,540
2513,1109,1404
29,25,4
916,893,23
279,242,37
625,597,28
1341,1040,301
2069,1654,415
687,652,35
1324,484,840
140,106,34
1857,1715,142
2189,2127,62
528,313,215
258,97,161
2411,1734,677
29,28,1
2175,1405,770
269,209,60
3790,1612,2178
109,97,12
1750,1493,257
538,379,159
68,64,4
158,150,8
316,291,25
611,582,29
1163,817,346
2387,1740,647
316,200,116
1939,1673,266
382,294,88
36,32,4
361,339,22
314,307,7
72,67,5
137,129,8
106,98,8
464,386,78
219,170,49
1743,1447,296
1750,1191,559
1225,1208,17
1299,1071,228
2737,1383,1354
384,359,25
382,257,125
632,583,49
749,734,15
180,84,96
1347,934,413
313,234,79
589,482,107
4660,3078,1582
2985,2764,221
1420,1243,177
396,140,256
2818,1492,1326
2841,1419,1422
62,56,6
1075,1065,10
839,654,185
319,317,2
1179,779,400
365,352,13
2951,2188,763
114,67,47
506,407,99
297,197,100
98,62,36
2124,1350,774
1407,1374,33
3151,2962,189
796,742,54
2843,1970,873
1858,1801,57
543,508,35
1622,1330,292
1180,434,746
912,823,89
485,385,100
734,674,60
334,304,30
1095,755,340
369,351,18
2244,2153,91
2175,2099,76
534,472,62
4057,2033,2024
95,94,1
3063,2850,213
51,50,1
322,239,83
54,53,1
913,597,316
605,526,79
3753,3167,586
2716,2481,235
3750,1648,2102
869,780,89
286,121,165
265,264,1
37,37,0
2876,1644,1232
143,138,5
1722,1645,77
993,740,253
479,343,136
237,187,50
2323,988,1335
2679,1373,1306
423,400,23
1110,635,475
219,210,9
2740,2497,243
99,93,6
449,195,254
640,605,35
82,79,3
2271,1536,735
1834,1371,463
2971,2316,655
221,220,1
1028,672,356
1122,936,186
673,666,7
1954,1160,794
4280,2658,1622
348,343,5
689,588,101
2020,769,1251
194,191,3
332,255,77
1183,1043,140
1431,634,797
784,767,17
154,148,6
948,677,271
2706,957,1749
194,139,55
1368,777,591
275,247,28
1546,1497,49
1142,1110,32
118,107,11
435,317,118
2206,1256,950
2250,2143,107
2484,1814,670
2369,1753,616
158,153,5
3032,2063,969
1300,513,787
44,31,13
60,60,0
287,250,37
131,126,5
1695,1434,261
1945,1845,100
1855,1647,208
1614,1219,395
526,517,9
60,55,5
17,17,0
138,122,16
452,444,8
429,425,4
2249,1347,902
667,554,113
2418,2041,377
528,503,25
178,142,36
3303,2674,629
965,916,49
448,304,144
998,803,195
740,729,11
4218,2368,1850
1327,1305,22
308,270,38
892,756,136
383,361,22
181,131,50
213,179,34
69,69,0
238,149,89
4028,2092,1936
452,435,17
779,754,25
900,884,16
2817,2435,382
205,195,10
2542,1318,1224
1057,970,87
1042,653,389
352,206,146
5355,3595,1760
8,8,0
582,575,7
2618,1014,1604
549,519,30
4745,3614,1131
217,170,47
899,873,26
709,675,34
1388,1227,161
26,26,0
84,76,8
1928,1413,515
1054,965,89
8525,3637,4888
1070,795,275
655,581,74
36,23,13
381,200,181
202,153,49
306,226,80
1309,1288,21
2012,1710,302
1459,1163,296
548,397,151
1640,1606,34
390,346,44
754,678,76
93,83,10
776,705,71
2247,2014,233
444,336,108
71,67,4
1865,1380,485
769,631,138
158,111,47
575,409,166
2490,1701,789
2807,2608,199
785,745,40
90,84,6
2635,1778,857
300,296,4
811,764,47
996,746,250
877,780,97
2143,949,1194
2683,2383,300
2179,1863,316
602,568,34
1988,1709,279
506,308,198
3911,2317,1594
586,393,193
1844,1384,460
179,153,26
906,761,145
1442,1295,147
179,175,4
15,15,0
57,54,3
593,450,143
248,161,87
142,141,1
522,320,202
863,829,34
129,119,10
1210,880,330
345,239,106
1098,1009,89
1576,921,655
76,75,1
239,237,2
1323,1251,72
416,410,6
647,415,232
396,220,176
1634,1311,323
233,204,29
668,575,93
1719,1325,394
109,108,1
86,74,12
3449,3116,333
49,33,16
108,77,31
1371,1259,112
2061,1517,544
492,307,185
32,32,0
1423,841,582
377,359,18
5765,2775,2990
338,328,10
4008,2574,1434
1348,1241,107
810,787,23
2209,1804,405
1553,1501,52
1624,1070,554
49,49,0
97,89,8
1092,1058,34
4425,1182,3243
833,817,16
1256,1221,35
1185,1140,45
4806,3098,1708
379,237,142
579,551,28
963,819,144
3936,2540,1396
3646,2824,822
37,27,10
94,71,23
326,245,81
973,705,268
43,43,0
2228,1513,715
563,490,73
922,845,77
468,425,43
1891,1241,650
912,884,28
255,238,17
1501,1173,328
85,73,12
398,343,55
4085,2322,1763
967,941,26
2901,1989,912
129,112,17
468,414,54
59,55,4
427,118,309
39,37,2
3732,1918,1814
2470,1902,568
811,776,35
3647,2607,1040
560,560,0
174,171,3
227,159,68
2882,1797,1085
731,717,14
273,195,78
1812,1089,723
274,267,7
3908,2513,1395
1087,682,405
4485,2850,1635
665,613,52
901,878,23
868,356,512
1195,1001,194
1634,839,795
1475,1365,110
1808,1440,368
346,344,2
208,201,7
447,428,19
1761,1202,559
974,795,179
144,106,38
820,662,158
2528,1812,716
160,134,26
1302,1264,38
1085,357,728
1734,1269,465
2320,1335,985
867,562,305
197,180,17
2661,2352,309
187,155,32
2051,1538,513
10,10,0
37,34,3
1712,1315,397
3667,1341,2326
1027,477,550
2137,1474,663
330,325,5
98,52,46
868,709,159
3059,1128,1931
746,665,81
226,153,73
362,311,51
425,348,77
365,229,136
2546,1749,797
314,242,72
984,781,203
261,240,21
330,312,18
1351,908,443
313,297,16
343,254,89
2183,1745,438
1261,709,552
1979,1564,415
398,218,180
1179,759,420
1714,1624,90
241,220,21
190,176,14
257,205,52
183,87,96
1603,1333,270
2168,893,1275
1382,970,412
4500,1893,2607
5328,2152,3176
50,48,2
67,65,2
1253,987,266
1878,1795,83
778,554,224
1219,1090,129
1956,721,1235
275,264,11
218,151,67
5752,2635,3117
1919,1091,828
50,43,7
2482,2319,163
5296,3607,1689
2700,2584,116
182,157,25
608,565,43
680,649,31
207,193,14
3319,1222,2097
717,709,8
912,674,238
276,269,7
220,134,86
2123,1591,532
2342,1551,791
2681,2308,373
837,766,71
1541,1382,159
53,39,14
2722,1533,1189
1462,1392,70
217,187,30
234,231,3
805,370,435
2711,1639,1072
36,28,8
85,62,23
1715,1387,328
830,819,11
94,60,34
868,834,34
1881,1141,740
153,146,7
1546,1439,107
255,251,4
597,588,9
1109,586,523
1564,1292,272
1122,752,370
1880,1271,609
2119,824,1295
878,523,355
490,462,28
46,42,4
1228,937,291
183,154,29
904,819,85
457,373,84
1334,834,500
321,284,37
125,116,9
855,630,225
2057,1254,803
550,539,11
193,182,11
596,582,14
430,256,174
3590,1444,2146
2238,1191,1047
2533,2346,187
908,849,59
3310,1758,1552
1210,952,258
766,639,127
756,628,128
3696,1932,1764
2358,1884,474
126,56,70
217,213,4
1481,940,541
2648,2050,598
4556,3097,1459
370,334,36
1182,740,442
138,120,18
1808,1160,648
1731,663,1068
51,48,3
147,147,0
86,75,11
1787,1620,167
2189,1560,629
341,325,16
148,114,34
281,172,109
482,319,163
2739,1964,775
2380,1904,476
4284,3323,961
962,703,259
2087,1452,635
696,677,19
1454,1096,358
548,509,39
363,169,194
1057,946,111
449,438,11
3380,2316,1064
1165,845,320
298,279,19
2061,1403,658
1850,1745,105
153,153,0
245,122,123
1118,1084,34
36,33,3
2908,1941,967
2317,2189,128
2644,1894,750
706,535,171
1411,1002,409
85,62,23
1222,1048,174
146,127,19
5249,3555,1694
63,62,1
966,911,55
61,60,1
3700,2834,866
348,339,9
2143,1949,194
192,80,112
245,93,152
1497,792,705
36,35,1
87,63,24
129,97,32
4746,3202,1544
1528,1262,266
3492,3127,365
1448,1414,34
1523,1220,303
3177,2102,1075
270,268,2
3214,1758,1456
2738,2268,470
2577,2440,137
2827,2332,495
573,546,27
451,444,7
657,640,17
73,73,0
159,156,3
2344,1832,512
606,559,47
108,83,25
608,239,369
734,710,24
244,243,1
1130,861,269
258,195,63
1162,1050,112
257,224,33
54,48,6
1918,1402,516
732,709,23
687,585,102
294,252,42
1954,1859,95
1621,1544,77
236,175,61
4649,3640,1009
2644,1917,727
739,678,61
145,113,32
83,80,3
4714,2294,2420
413,399,14
1811,1499,312
2118,1116,1002
595,573,22
203,126,77
402,268,134
5459,3450,2009
1599,1316,283
524,285,239
245,204,41
1390,1371,19
312,299,13
3041,1950,1091
3015,1846,1169
142,100,42
4730,1902,2828
881,288,593
204,115,89
80,73,7
240,186,54
2398,1253,1145
4575,2833,1742
261,212,49
291,267,24
346,268,78
2810,2674,136
1638,1494,144
1496,1339,157
716,457,259
648,638,10
546,305,241
63,62,1
4969,3619,1350
1280,1069,211
225,96,129
5048,3688,1360
1397,1371,26
518,316,202
2071,1772,299
1709,1438,271
1676,890,786
1534,1429,105
66,64,2
6108,3040,3068
2655,2293,362
1268,1049,219
112,108,4
220,192,28
634,425,209
3148,2958,190
493,480,13
102,89,13
4592,2767,1825
1640,1579,61
166,146,20
1840,1426,414
1012,859,153
2767,2524,243
504,457,47
672,635,37
1850,1118,732
4774,2869,1905
504,499,5
82,69,13
529,313,216
3059,1863,1196
262,122,140
106,93,13
372,236,136
2395,2308,87
2361,1605,756
767,602,165
813,628,185
782,761,21
7262,3371,3891
182,167,15
2969,2011,958
84,73,11
755,657,98
551,543,8
288,288,0
948,931,17
416,404,12
564,414,150
293,290,3
496,490,6
1083,845,238
478,466,12
93,61,32
40,40,0
1087,986,101
50,39,11
857,754,103
524,503,21
861,778,83
3483,2641,842
99,74,25
4900,3094,1806
2005,1512,493
761,676,85
69,66,3
181,142,39
35,28,7
74,67,7
613,542,71
3915,2541,1374
477,327,150
2889,1708,1181
338,108,230
328,328,0
601,548,53
2207,1298,909
6126,3367,2759
7472,2405,5067
746,595,151
2416,2208,208
1418,1119,299
29,29,0
90,87,3
1422,644,778
2736,2031,705
939,620,319
116,93,23
6579,2812,3767
3119,2140,979
869,834,35
113,84,29
303,300,3
709,511,198
539,412,127
919,748,171
1246,1197,49
569,557,12
1286,1023,263
89,69,20
67,66,1
609,556,53
38,37,1
444,243,201
1585,917,668
2663,2344,319
3503,1953,1550
397,337,60
1577,1537,40
440,380,60
528,479,49
3922,2597,1325
645,434,211
57,57,0
2163,2053,110
1648,1378,270
1962,1447,515
2077,1989,88
101,88,13
3393,2063,1330
355,351,4
382,111,271
2436,1440,996
1469,865,604
493,476,17
2227,2016,211
4680,3750,930
1537,1201,336
736,650,86
1486,996,490
901,835,66
959,568,391
82,78,4
691,414,277
923,686,237
1810,1357,453
546,536,10
1764,1702,62
535,508,27
85,62,23
3047,2614,433
1629,1484,145
1553,1367,186
2534,1789,745
426,254,172
398,310,88
780,524,256
89,72,17
617,608,9
133,124,9
546,539,7
8176,3244,4932
2036,1620,416
809,645,164
3115,2188,927
309,307,2
910,898,12
289,215,74
3646,2543,1103
1555,1508,47
331,311,20
150,145,5
875,852,23
3547,2686,861
766,715,51
3290,2303,987
1533,1496,37
179,151,28
4640,1900,2740
1399,1056,343
649,643,6
189,157,32
1422,1161,261
53,50,3
24,23,1
5224,3599,1625
2115,1693,422
87,87,0
41,41,0
1838,1246,592
3003,2775,228
727,720,7
234,234,0
676,637,39
759,723,36
735,470,265
3929,1589,2340
1245,441,804
4560,2615,1945
472,468,4
1214,895,319
287,265,22
6569,2820,3749
40,35,5
1654,537,1117
196,153,43
1886,1473,413
231,182,49
132,128,4
303,268,35
4827,2042,2785
110,108,2
2607,1781,826
1813,1417,396
70,64,6
722,702,20
834,640,194
1114,1105,9
1062,587,475
163,162,1
1404,1318,86
2565,1561,1004
137,122,15
672,612,60
336,311,25
3800,2470,1330
987,720,267
2053,1602,451
100,80,20
124,123,1
1931,1805,126
210,175,35
6447,3226,3221
1227,949,278
306,283,23
1995,1196,799
83,79,4
3933,2978,955
101,101,0
978,847,131
58,56,2
4844,2533,2311
221,198,23
169,162,7
1741,700,1041
927,744,183
1987,1375,612
414,347,67
503,500,3
3854,3120,734
63,49,14
90,80,10
4031,3257,774
452,437,15
1023,1010,13
398,381,17
386,365,21
2902,2488,414
2030,1047,983
1292,1051,241
5432,3337,2095
1005,912,93
1725,1680,45
277,146,131
78,75,3
332,234,98
585,504,81
897,582,315
4472,3495,977
1643,1589,54
118,107,11
2291,2195,96
4513,2574,1939
302,289,13
310,303,7
2659,1845,814
39,37,2
757,696,61
30,24,6
356,276,80
3843,2160,1683
327,132,195
1827,1154,673
4183,2802,1381
102,102,0
147,143,4
113,112,1
1471,1088,383
829,668,161
1859,1766,93
141,116,25
3174,2890,284
1857,1441,416
1093,1031,62
172,165,7
272,257,15
1351,867,484
896,848,48
472,466,6
3038,1224,1814
240,167,73
181,166,15
540,482,58
89,61,28
617,456,161
668,483,185
1158,1108,50
332,278,54
526,484,42
300,284,16
619,580,39
578,435,143
32,28,4
872,675,197
1045,716,329
119,110,9
865,862,3
340,187,153
1096,964,132
2582,1527,1055
1298,1124,174
276,221,55
623,352,271
2581,1132,1449
204,194,10
899,861,38
1793,1695,98
83,73,10
1288,1252,36
7579,3907,3672
414,376,38
2839,1827,1012
945,936,9
2284,1272,1012
54,53,1
2691,1626,1065
1823,1681,142
95,86,9
3091,2435,656
316,310,6
2468,1882,586
388,384,4
423,346,77
194,92,102
1269,1031,238
67,67,0
334,291,43
70,44,26
191,165,26
1336,1116,220
1147,904,243
161,156,5
196,184,12
582,576,6
1356,1023,333
2711,1892,819
1647,1616,31
877,739,138
542,512,30
1703,1492,211
1679,1147,532
177,172,5
942,856,86
1881,1614,267
336,299,37
75,62,13
199,154,45
361,347,14
1358,1321,37
1044,973,71
280,279,1
4986,1985,3001
1457,1340,117
5112,3814,1298
370,196,174
661,634,27
515,349,166
3378,1209,2169
1905,1821,84
1506,1110,396
36,36,0
4199,2952,1247
297,291,6
5355,3250,2105
1978,1889,89
3796,2498,1298
435,430,5
461,459,2
1195,946,249
2467,1623,844
3187,2775,412
72,43,29
1179,1172,7
688,665,23
1307,883,424
604,492,112
3569,2497,1072
3716,2992,724
455,440,15
141,139,2
1334,1306,28
1404,1068,336
352,337,15
285,206,79
570,452,118
288,279,9
5336,2489,2847
359,227,132
450,436,14
404,359,45
3107,2141,966
50,47,3
2540,2379,161
39,39,0
154,128,26
2256,1745,511
404,392,12
56,54,2
116,110,6
530,510,20
573,567,6
147,129,18
2182,1372,810
589,380,209
486,419,67
1832,1517,315
462,373,89
341,333,8
3464,2145,1319
226,215,11
1024,793,231
626,616,10
115,94,21
1968,1296,672
6567,2450,4117
1588,1168,420
3137,2242,895
640,347,293
85,85,0
519,379,140
3439,2886,553
1875,1784,91
362,247,115
5531,3776,1755
1157,929,228
427,371,56
1718,1463,255
201,150,51
588,560,28
3132,2903,229
381,299,82
2998,1601,1397
1835,1051,784
306,257,49
956,886,70
2302,674,1628
1368,929,439
1362,1339,23
737,565,172
96,91,5
242,175,67
4165,1343,2822
1017,615,402
2052,1276,776
290,285,5
1336,992,344
1042,826,216
1665,1573,92
30,30,0
1267,1235,32
1212,1192,20
744,556,188
271,245,26
275,273,2
1734,819,915
3508,2435,1073
610,516,94
3608,1515,2093
228,159,69
2198,1606,592
4966,3811,1155
3334,1330,2004
80,80,0
242,187,55
131,126,5
561,544,17
2278,1871,407
715,678,37
3870,2083,1787
2977,2686,291
5527,3134,2393
890,849,41
514,416,98
341,304,37
3187,2229,958
1395,1311,84
430,303,127
661,645,16
1330,974,356
338,336,2
331,206,125
899,862,37
345,316,29
2417,1772,645
1368,928,440
182,140,42
2531,1419,1112
1100,914,186
227,216,11
1029,949,80
1309,959,350
1692,1260,432
519,349,170
256,248,8
739,706,33
2398,1426,972
143,88,55
471,426,45
1334,1124,210
386,272,114
2275,2185,90
1761,1683,78
330,325,5
2977,1846,1131
1953,1404,549
1783,1623,160
71,70,1
812,800,12
147,104,43
1914,1840,74
2214,2134,80
1873,1526,347
71,64,7
587,501,86
214,204,10
396,382,14
1636,1166,470
635,575,60
179,108,71
674,562,112
2927,1086,1841
2613,2261,352
2870,1903,967
538,528,10
593,567,26
1181,1147,34
147,143,4
918,881,37
1307,1292,15
40,39,1
385,196,189
802,586,216
1133,1021,112
496,465,31
41,41,0
484,366,118
188,186,2
732,674,58
3853,1223,2630
231,163,68
236,230,6
3255,1841,1414
158,130,28
1004,870,134
841,747,94
566,528,38
634,505,129
137,133,4
283,209,74
63,57,6
2938,2079,859
2178,1671,507
132,129,3
821,720,101
81,77,4
105,92,13
541,512,29
821,544,277
376,373,3
544,415,129
1002,719,283
382,379,3
1371,955,416
374,342,32
174,136,38
38,38,0
869,597,272
113,109,4
4062,2259,1803
1264,1242,22
348,197,151
164,135,29
1082,1061,21
4460,3565,895
568,461,107
1773,1739,34
44,41,3
272,267,5
445,414,31
332,250,82
3671,1178,2493
435,395,40
674,630,44
1680,1354,326
3878,1991,1887
47,42,5
118,88,30
544,371,173
3356,2848,508
127,124,3
1263,1163,100
1501,1002,499
315,271,44
1082,1062,20
771,562,209
496,479,17
102,101,1
1083,1015,68
2105,2008,97
3179,2824,355
145,106,39
549,485,64
938,879,59
495,482,13
753,688,65
305,255,50
1252,569,683
106,100,6
3044,2379,665
1399,1370,29
171,166,5
6243,3012,3231
1385,944,441
37,33,4
777,764,13
825,698,127
107,102,5
960,880,80
4897,3057,1840
406,311,95
336,330,6
1032,957,75
2332,1728,604
1336,728,608
388,319,69
154,153,1
3634,2252,1382
1657,1404,253
1810,1390,420
548,403,145
1172,944,228
1370,946,424
1629,1603,26
264,211,53
1245,1011,234
1621,1425,196
742,732,10
449,444,5
2615,2212,403
1313,1158,155
260,229,31
522,441,81
82,76,6
975,685,290
105,94,11
977,319,658
764,654,110
3393,1483,1910
710,588,122
1273,1240,33
1404,997,407
56,38,18
711,608,103
4691,2955,1736
490,488,2
2415,1490,925
2054,1971,83
70,65,5
215,213,2
4678,3483,1195
598,524,74
1023,714,309
1457,703,754
776,743,33
2017,1492,525
624,601,23
280,277,3
101,99,2
537,430,107
481,394,87
137,100,37
801,770,31
567,555,12
3322,2383,939
1212,918,294
170,89,81
1422,1192,230
205,203,2
640,493,147
3248,2571,677
259,203,56
763,463,300
267,247,20
2601,972,1629
66,63,3
347,295,52
104,101,3
694,478,216
5689,2795,2894
573,487,86
191,184,7
692,610,82
930,872,58
867,621,246
517,515,2
25,25,0
5511,3158,2353
1678,672,1006
1142,1017,125
3031,1607,1424
2440,747,1693
72,70,2
1473,1408,65
71,67,4
2105,1957,148
518,499,19
1758,1688,70
1195,880,315
572,523,49
1254,1020,234
30,28,2
1726,1647,79
1620,1078,542
551,324,227
153,132,21
725,432,293
883,746,137
80,80,0
2279,1593,686
307,254,53
583,559,24
1571,1462,109
471,466,5
2318,2125,193
2240,2180,60
325,322,3
25,25,0
74,48,26
173,168,5
1900,1673,227
1400,1237,163
4324,2054,2270
827,781,46
781,760,21
3450,2920,530
1444,1361,83
826,763,63
4282,3207,1075
5405,3619,1786
2562,967,1595
829,775,54
5480,3048,2432
2590,2323,267
2039,1677,362
2262,1513,749
430,330,100
2336,1629,707
1939,1433,506
6626,3696,2930
638,396,242
708,674,34
4313,3542,771
2621,2419,202
1272,1251,21
1559,1286,273
595,559,36
521,306,215
351,347,4
848,781,67
166,165,1
1746,1631,115
635,545,90
10,10,0
271,250,21
624,502,122
1643,1493,150
779,764,15
38,37,1
765,655,110
702,692,10
2198,2083,115
5080,3358,1722
571,531,40
1709,1546,163
4626,1994,2632
1841,1638,203
3811,3038,773
5396,2796,2600
380,368,12
3401,2238,1163
1824,1477,347
1786,1550,236
997,825,172
807,627,180
716,699,17
78,73,5
371,231,140
1720,1514,206
743,617,126
3032,2064,968
982,700,282
2509,2399,110
1878,973,905
189,164,25
80,74,6
5947,3401,2546
2158,1735,423
1614,754,860
1873,1788,85
191,170,21
536,460,76
444,438,6
430,348,82
629,213,416
436,430,6
1403,1192,211
878,833,45
787,760,27
29,24,5
5001,3491,1510
2988,1451,1537
787,771,16
97,80,17
3920,3177,743
3316,2621,695
778,750,28
2790,1101,1689
562,549,13
1695,1655,40
205,156,49
127,97,30
5048,2921,2127
330,269,61
4141,1867,2274
2082,1688,394
2167,1910,257
2390,2240,150
159,156,3
658,559,99
1106,1055,51
1031,864,167
1304,1101,203
202,140,62
986,894,92
1050,815,235
95,85,10
251,248,3
3769,2590,1179
4178,3151,1027
380,360,20
24,24,0
1026,729,297
183,150,33
349,344,5
683,643,40
24,23,1
209,201,8
4649,3507,1142
2045,1953,92
746,638,108
744,720,24
2592,1843,749
3533,2254,1279
1739,1702,37
118,116,2
182,152,30
2053,1450,603
2419,902,1517
383,260,123
423,418,5
7092,3216,3876
40,39,1
106,102,4
5932,3675,2257
648,621,27
240,220,20
1112,870,242
688,617,71
263,259,4
1453,796,657
1752,790,962
3105,2215,890
1273,916,357
549,478,71
769,718,51
630,610,20
2900,2411,489
2075,1987,88
157,149,8
2747,1636,1111
1691,1526,165
667,632,35
1442,1172,270
133,108,25
624,595,29
126,126,0
1733,884,849
80,78,2
43,42,1
71,66,5
698,626,72
783,729,54
496,468,28
7044,3114,3930
7233,3803,3430
4839,1914,2925
958,899,59
1414,1396,18
1556,1020,536
2655,1624,1031
2870,1604,1266
1246,944,302
1704,1021,683
1386,730,656
803,745,58
603,384,219
43,43,0
1367,1113,254
650,456,194
40,39,1
6699,3895,2804
1847,636,1211
1494,1138,356
2161,1995,166
1103,1060,43
207,123,84
2287,1807,480
557,549,8
507,307,200
2441,1809,632
770,542,228
140,140,0
144,141,3
46,45,1
1172,930,242
25,11,14
259,177,82
625,614,11
1461,1331,130
441,271,170
1429,1393,36
57,54,3
64,54,10
2631,1793,838
2490,1951,539
85,83,2
622,444,178
460,445,15
1036,366,670
2691,1685,1006
910,681,229
2563,1756,807
598,415,183
1461,1064,397
1065,811,254
468,447,21
98,84,14
382,373,9
605,598,7
6295,2735,3560
1798,1722,76
39,38,1
335,116,219
3138,2277,861
467,456,11
159,124,35
1009,937,72
77,71,6
40,39,1
252,248,4
3029,1297,1732
449,308,141
1020,995,25
2689,2060,629
3618,1931,1687
3188,1791,1397
241,214,27
1900,1156,744
5105,2195,2910
1236,907,329
4990,3615,1375
979,773,206
318,224,94
850,829,21
711,706,5
1410,1111,299
1562,1114,448
2712,2339,373
843,795,48
748,501,247
1029,963,66
2125,860,1265
251,250,1
235,218,17
456,447,9
1459,1433,26
1275,1188,87
223,207,16
3875,2047,1828
2266,873,1393
3173,2167,1006
170,101,69
1267,1037,230
450,331,119
97,78,19
4026,3232,794
884,876,8
2886,2154,732
1869,1744,125
153,149,4
1116,794,322
2345,2288,57
240,205,35
2156,1293,863
1127,1054,73
212,206,6
1397,960,437
498,438,60
674,630,44
735,680,55
1226,1155,71
177,150,27
86,75,11
2994,2792,202
601,577,24
657,583,74
4384,2912,1472
157,94,63
2807,2057,750
268,177,91
364,187,177
362,339,23
3099,2104,995
360,326,34
2020,1287,733
3642,3015,627
2499,2062,437
3474,2009,1465
95,89,6
452,418,34
452,428,24
958,637,321
1335,1164,171
898,675,223
1191,710,481
44,34,10
113,104,9
1090,999,91
379,372,7
285,280,5
2112,1001,1111
1845,1383,462
40,38,2
3239,2717,522
62,58,4
1814,1736,78
1132,1129,3
285,159,126
430,230,200
165,162,3
894,659,235
4887,3314,1573
705,563,142
1995,1822,173
859,821,38
3826,3236,590
608,400,208
4452,3069,1383
53,52,1
214,134,80
329,308,21
3094,2211,883
820,806,14
1062,772,290
119,111,8
1716,1585,131
66,64,2
6241,2566,3675
65,61,4
1652,1463,189
176,149,27
644,535,109
3741,2443,1298
683,619,64
812,608,204
5473,3174,2299
89,89,0
63,62,1
76,60,16
5343,2690,2653
89,85,4
445,439,6
73,68,5
2136,1741,395
170,120,50
792,763,29
2354,1414,940
133,108,25
216,207,9
70,66,4
4166,1833,2333
2512,2312,200
2334,1822,512
825,769,56
2943,2157,786
1698,1588,110
90,68,22
2359,887,1472
44,44,0
727,628,99
3251,2224,1027
3896,2400,1496
308,282,26
502,439,63
94,87,7
446,443,3
55,52,3
1352,1314,38
86,80,6
261,228,33
2200,1269,931
2228,1986,242
1741,1465,276
966,550,416
574,503,71
185,68,117
183,151,32
1364,641,723
163,147,16
655,441,214
501,496,5
240,233,7
810,669,141
2601,1859,742
3972,1948,2024
1992,959,1033
1792,1568,224
978,968,10
1787,1285,502
311,202,109
509,501,8
441,315,126
1010,780,230
541,283,258
2066,1848,218
1144,975,169
294,291,3
126,87,39
3530,2282,1248
1990,1889,101
4029,3161,868
1427,866,561
1591,1566,25
6954,3844,3110
804,625,179
35,34,1
562,392,170
3574,2256,1318
76,55,21
356,323,33
274,251,23
6613,3123,3490
540,378,162
162,156,6
320,262,58
889,863,26
1687,1656,31
117,98,19
4346,1992,2354
181,168,13
4242,2908,1334
2760,2089,671
1580,1556,24
408,397,11
1111,1101,10
825,625,200
104,102,2
574,564,10
2688,2024,664
332,292,40
1749,1678,71
1628,1228,400
28,28,0
4272,2721,1551
3020,2136,884
457,443,14
392,387,5
350,283,67
129,123,6
792,629,163
3939,2593,1346
2296,1758,538
4236,1624,2612
13,13,0
1234,986,248
836,774,62
167,159,8
276,231,45
317,313,4
1140,881,259
6007,3336,2671
1000,621,379
2407,1960,447
3768,1307,2461
575,363,212
1279,789,490
2628,2130,498
1507,1331,176
402,306,96
802,632,170
267,244,23
497,371,126
163,131,32
50,48,2
648,599,49
4440,2865,1575
2714,2024,690
497,208,289
420,382,38
44,42,2
2566,2388,178
1839,1440,399
2371,1695,676
1124,1108,16
3700,1706,1994
752,602,150
1425,1135,290
717,556,161
733,722,11
146,145,1
715,709,6
983,974,9
2280,1893,387
203,170,33
3346,2168,1178
60,57,3
3443,2803,640
328,308,20
283,195,88
340,333,7
522,516,6
1425,1413,12
129,83,46
1225,1093,132
108,88,20
50,43,7
47,43,4
1139,1021,118
222,220,2
2829,2235,594
1193,722,471
76,74,2
273,174,99
175,86,89
2797,1852,945
135,106,29
237,219,18
2684,1734,950
497,493,4
1613,1125,488
206,188,18
714,561,153
1283,1146,137
445,434,11
1802,1483,319
2390,2311,79
2184,1218,966
918,753,165
2589,1654,935
322,232,90
2595,2197,398
3118,2079,1039
1140,1134,6
1035,643,392
3820,1434,2386
13,13,0
1102,723,379
2236,968,1268
2625,2266,359
140,121,19
1234,1069,165
984,497,487
5307,3208,2099
1790,1393,397
1413,1245,168
64,59,5
1731,1244,487
2427,1954,473
301,198,103
1108,658,450
1375,828,547
612,593,19
1423,1363,60
1380,996,384
1726,1472,254
250,237,13
688,560,128
434,322,112
845,661,184
33,31,2
46,37,9
2022,724,1298
89,84,5
690,666,24
647,622,25
2138,1907,231
2003,1532,471
1512,1165,347
2618,2200,418
1628,1427,201
725,518,207
837,677,160
3381,1238,2143
542,419,123
2251,891,1360
2839,1794,1045
4425,1656,2769
400,370,30
655,417,238
21,21,0
54,45,9
275,192,83
589,581,8
315,303,12
78,42,36
882,811,71
4126,1993,2133
1969,1753,216
445,432,13
1012,910,102
517,490,27
3775,2595,1180
162,135,27
271,244,27
79,75,4
221,218,3
141,104,37
915,720,195
521,491,30
420,411,9
167,139,28
944,550,394
2838,2611,227
219,185,34
28,25,3
3208,2007,1201
1394,1150,244
341,323,18
826,761,65
3271,1099,2172
3137,2752,385
326,312,14
2693,2095,598
746,680,66
701,431,270
214,206,8
60,58,2
1002,808,194
2630,2418,212
329,270,59
3985,2769,1216
1446,801,645
44,44,0
1865,1732,133
4440,3434,1006
1075,970,105
861,799,62
717,608,109
604,531,73
1823,749,1074
52,50,2
4382,3011,1371
2545,1664,881
1648,1437,211
317,288,29
158,113,45
18,18,0
48,48,0
1097,971,126
3901,2878,1023
1053,585,468
462,311,151
565,539,26
1613,1215,398
180,122,58
1782,987,795
85,50,35
86,77,9
1468,1302,166
1134,1118,16
4827,3367,1460
563,428,135
6096,2809,3287
2297,1561,736
1123,1090,33
555,450,105
134,128,6
1295,1263,32
2394,1064,1330
2189,1765,424
2048,723,1325
4822,3237,1585
180,179,1
594,577,17
4139,1899,2240
142,110,32
38,38,0
2750,2529,221
737,643,94
1620,585,1035
2264,1348,916
1384,670,714
4179,3154,1025
6344,2753,3591
1529,553,976
1371,1235,136
2280,1155,1125
3112,2368,744
492,462,30
82,55,27
1507,1456,51
763,743,20
257,219,38
599,556,43
700,683,17
353,318,35
1922,1621,301
185,168,17
5364,1468,3896
25,25,0
2899,2253,646
82,64,18
1289,1043,246
130,126,4
37,33,4
480,466,14
929,869,60
1197,567,630
2138,1728,410
23,21,2
1925,1518,407
387,312,75
255,232,23
2482,1630,852
33,33,0
294,199,95
687,647,40
305,289,16
1897,1799,98
158,130,28
349,277,72
48,46,2
2733,1741,992
758,671,87
1008,935,73
46,45,1
862,696,166
780,630,150
804,570,234
135,126,9
781,645,136
1849,764,1085
946,685,261
386,385,1
435,261,174
1607,604,1003
435,417,18
1335,1115,220
3655,3184,471
1952,1454,498
1016,975,41
108,107,1
3784,3099,685
290,281,9
413,403,10
68,60,8
1847,1009,838
1930,1575,355
334,323,11
755,745,10
621,610,11
114,51,63
385,291,94
254,235,19
494,468,26
4462,2199,2263
1871,1022,849
1993,1376,617
1628,1597,31
666,634,32
1590,1531,59
73,69,4
2452,1783,669
160,138,22
379,304,75
117,96,21
1423,964,459
95,94,1
30,30,0
5012,3548,1464
1016,909,107
2466,1763,703
2716,1388,1328
107,107,0
2953,1984,969
2754,1477,1277
942,910,32
238,142,96
160,157,3
2133,1982,151
404,276,128
1897,1541,356
252,188,64
3139,2218,921
2220,1492,728
574,547,27
1646,1412,234
219,197,22
3576,2486,1090
8498,3720,4778
35,34,1
275,272,3
38,33,5
2937,2732,205
4625,3186,1439
440,438,2
3722,1868,1854
1850,1357,493
10,10,0
183,124,59
7212,3736,3476
225,202,23
536,508,28
359,331,28
443,409,34
1104,992,112
1397,1374,23
36,31,5
270,253,17
1955,1372,583
251,231,20
999,881,118
2826,2697,129
2111,1710,401
2800,1463,1337
2864,1709,1155
443,425,18
86,78,8
61,54,7
219,198,21
1136,618,518
565,332,233
5275,2916,2359
1735,1477,258
3521,1118,2403
132,94,38
1166,830,336
363,144,219
5380,3446,1934
1437,876,561
4586,3930,656
23,22,1
792,768,24
4896,3540,1356
237,232,5
92,83,9
350,296,54
1467,1408,59
858,841,17
61,56,5
918,862,56
2022,1946,76
3803,2176,1627
2200,1782,418
618,594,24
3386,2010,1376
1853,1572,281
249,94,155
1169,1153,16
1797,1667,130
172,112,60
1145,1028,117
1138,795,343
3368,2295,1073
1829,650,1179
5190,2736,2454
1222,647,575
618,582,36
2985,2036,949
4048,2332,1716
260,246,14
446,432,14
622,489,133
251,142,109
2401,867,1534
1052,1018,34
87,86,1
184,174,10
159,155,4
1474,1220,254
381,356,25
167,121,46
147,135,12
5352,3035,2317
5413,2385,3028
206,205,1
475,461,14
3984,3428,556
4953,3300,1653
583,277,306
963,658,305
4851,3710,1141
323,202,121
304,276,28
4575,3577,998
207,159,48
1507,1450,57
4163,2203,1960
82,62,20
4845,3463,1382
2895,1480,1415
1297,662,635
2381,2233,148
173,171,2
1910,1183,727
742,720,22
277,194,83
1939,782,1157
4295,3088,1207
3586,2254,1332
4124,1800,2324
1297,1285,12
2253,1798,455
490,401,89
3663,2257,1406
161,153,8
577,570,7
121,119,2
3456,2393,1063
2225,1825,400
833,813,20
1138,1047,91
334,210,124
146,121,25
11,11,0
3799,3076,723
2061,1533,528
27,26,1
912,314,598
1176,917,259
2011,815,1196
35,31,4
636,576,60
682,422,260
610,591,19
556,495,61
791,750,41
353,286,67
320,313,7
2247,1441,806
906,832,74
92,86,6
380,244,136
1481,1435,46
424,239,185
965,910,55
37,35,2
1621,1571,50
320,297,23
741,286,455
2775,2330,445
5306,2744,2562
1733,1395,338
1249,1213,36
327,325,2
3602,2203,1399
981,610,371
145,116,29
515,408,107
107,94,13
41,37,4
144,111,33
427,411,16
1197,1175,22
1800,1459,341
1313,1047,266
2149,1104,1045
1720,1590,130
1689,1270,419
451,421,30
4830,3423,1407
35,32,3
595,402,193
678,484,194
1834,1163,671
704,688,16
2760,2595,165
1214,1114,100
615,609,6
141,130,11
1288,907,381
3313,1291,2022
1291,1204,87
1004,722,282
127,124,3
3293,2426,867
1921,1490,431
88,84,4
800,677,123
193,183,10
286,141,145
1537,554,983
2731,2360,371
3538,3055,483
1993,801,1192
1947,1371,576
926,842,84
1534,933,601
1135,1119,16
2359,1807,552
477,202,275
2793,2370,423
152,118,34
142,99,43
2872,1138,1734
584,504,80
199,146,53
2594,2334,260
872,541,331
48,48,0
1680,1082,598
831,694,137
190,185,5
246,156,90
2259,1843,416
454,390,64
331,331,0
1482,865,617
194,179,15
486,465,21
241,228,13
857,515,342
415,393,22
1092,664,428
1339,785,554
27,27,0
3890,2380,1510
263,202,61
266,262,4
1555,995,560
1509,1249,260
719,704,15
3277,2218,1059
1111,769,342
5074,1848,3226
1021,1004,17
6857,3013,3844
3008,2582,426
263,227,36
1926,1551,375
698,683,15
2407,1930,477
1713,1314,399
690,643,47
1891,1536,355
528,501,27
1824,1585,239
5412,2484,2928
87,71,16
366,366,0
2256,2040,216
633,523,110
179,141,38
2748,995,1753
1869,1433,436
127,97,30
552,425,127
792,736,56
1651,565,1086
260,245,15
77,51,26
1356,1124,232
29,21,8
591,580,11
119,118,1
50,50,0
123,76,47
282,256,26
214,200,14
787,661,126
76,61,15
311,304,7
83,78,5
1387,1348,39
569,368,201
1173,836,337
3087,2645,442
1881,1795,86
1872,643,1229
2679,2249,430
123,122,1
55,52,3
55,49,6
928,868,60
2284,2033,251
247,173,74
742,708,34
1632,1588,44
495,450,45
298,271,27
4154,1524,2630
404,350,54
461,248,213
665,643,22
905,720,185
1775,1687,88
1688,1140,548
3895,2716,1179
2741,2093,648
439,398,41
1963,1857,106
555,438,117
3995,1847,2148
1028,988,40
3302,1252,2050
804,610,194
4019,2517,1502
698,665,33
285,255,30
160,115,45
3746,2088,1658
220,177,43
1801,1476,325
177,145,32
1076,1068,8
2715,1776,939
1124,1117,7
435,415,20
77,74,3
85,67,18
91,65,26
2852,2605,247
1310,1135,175
3062,2155,907
104,101,3
1617,1547,70
664,549,115
597,576,21
2807,2684,123
178,150,28
3053,1556,1497
711,659,52
67,66,1
63,58,5
955,769,186
74,73,1
4308,3558,750
135,101,34
267,202,65
116,115,1
491,480,11
981,825,156
7446,3259,4187
1060,698,362
68,56,12
558,483,75
4247,2322,1925
802,768,34
664,469,195
996,940,56
34,23,11
605,601,4
527,417,110
230,224,6
5189,2576,2613
878,794,84
438,392,46
208,162,46
895,878,17
5228,3171,2057
637,568,69
74,71,3
643,567,76
1899,846,1053
3230,2811,419
6317,1837,4480
342,257,85
1109,916,193
116,115,1
235,235,0
4734,2601,2133
1901,1783,118
2073,1776,297
1806,1434,372
419,416,3
647,599,48
508,443,65
1450,1131,319
1073,1055,18
278,272,6
832,557,275
118,114,4
3202,2247,955
594,587,7
1003,675,328
1865,1775,90
68,58,10
64,64,0
5847,3156,2691
2604,2421,183
634,599,35
19,19,0
3719,2471,1248
3884,2381,1503
1516,1225,291
423,411,12
1224,1205,19
536,516,20
91,77,14
392,361,31
3584,2479,1105
1078,1071,7
553,433,120
1246,1088,158
1114,1108,6
1873,1854,19
199,155,44
1753,1430,323
4557,2206,2351
145,88,57
3195,1206,1989
84,80,4
519,511,8
559,551,8
659,593,66
919,743,176
1128,365,763
414,270,144
159,150,9
1327,992,335
1794,1594,200
326,267,59
42,41,1
352,349,3
4327,2524,1803
6755,2705,4050
2929,1910,1019
325,320,5
428,296,132
1923,1200,723
156,148,8
392,374,18
373,260,113
291,287,4
154,110,44
1651,1381,270
719,627,92
137,100,37
1663,1412,251
1338,1306,32
292,253,39
1226,1101,125
2483,1722,761
58,44,14
1762,1474,288
233,170,63
34,34,0
3848,2558,1290
1727,1682,45
140,133,7
965,895,70
756,320,436
2581,1233,1348
609,549,60
150,139,11
29,24,5
218,206,12
3390,1750,1640
1069,873,196
3490,2375,1115
2070,1390,680
3334,2339,995
291,283,8
508,504,4
3616,2436,1180
3793,2499,1294
2548,1978,570
2200,790,1410
42,39,3
335,330,5
1081,852,229
910,680,230
2926,1759,1167
141,111,30
855,819,36
887,615,272
1040,971,69
2423,1622,801
851,838,13
6398,2551,3847
489,372,117
560,526,34
292,224,68
1045,1033,12
1400,1262,138
57,49,8
511,500,11
724,705,19
1755,1442,313
523,426,97
6636,2542,4094
269,266,3
1506,920,586
1026,1002,24
987,795,192
941,876,65
3566,1884,1682
1089,941,148
7778,3496,4282
1590,1219,371
1480,1248,232
1111,893,218
1617,778,839
1153,968,185
1006,979,27
115,113,2
1551,1450,101
283,275,8
918,870,48
366,352,14
950,682,268
154,146,8
108,98,10
1356,1052,304
367,328,39
440,420,20
1013,859,154
3244,2382,862
102,90,12
2144,1204,940
110,102,8
4427,1372,3055
257,232,25
52,52,0
822,798,24
798,684,114
976,789,187
2829,1044,1785
951,915,36
101,95,6
173,112,61
127,91,36
1281,951,330
966,611,355
2319,2023,296
81,77,4
1317,989,328
224,136,88
1333,1066,267
997,746,251
1901,1809,92
942,685,257
497,475,22
104,85,19
593,542,51
498,489,9
1305,1132,173
262,254,8
4395,2368,2027
32,28,4
4684,2797,1887
1248,925,323
460,315,145
1840,1478,362
1050,714,336
587,499,88
1909,884,1025
122,110,12
77,66,11
462,331,131
444,430,14
2620,1904,716
2542,2065,477
261,239,22
7244,3273,3971
975,866,109
42,35,7
1213,427,786
1377,522,855
144,76,68
401,395,6
646,614,32
188,137,51
722,505,217
2839,1679,1160
782,717,65
610,566,44
55,42,13
2717,2024,693
487,370,117
267,253,14
3112,2841,271
4720,3316,1404
768,687,81
1567,1487,80
1649,1278,371
777,581,196
17,17,0
1891,1829,62
733,513,220
350,280,70
1038,835,203
190,111,79
89,78,11
2915,1109,1806
531,372,159
71,64,7
2193,1570,623
3775,2283,1492
38,37,1
1038,870,168
432,427,5
426,248,178
5008,3494,1514
657,632,25
33,32,1
245,171,74
388,305,83
656,528,128
445,433,12
312,287,25
1566,1340,226
87,69,18
1857,1568,289
1164,1145,19
2990,1689,1301
405,377,28
2536,2307,229
49,47,2
377,276,101
220,162,58
1313,1275,38
555,363,192
602,464,138
1183,779,404
3569,2566,1003
5779,3257,2522
807,799,8
477,304,173
751,695,56
1791,1501,290
139,123,16
778,661,117
5268,3662,1606
208,207,1
899,871,28
1311,446,865
3775,2828,947
4495,3060,1435
579,309,270
3970,1776,2194
1727,1254,473
5579,3918,1661
1647,1141,506
6058,3363,2695
2929,1657,1272
573,548,25
4486,3266,1220
1735,1341,394
1994,1589,405
736,620,116
703,580,123
2618,2254,364
174,133,41
624,511,113
537,454,83
96,73,23
975,753,222
768,714,54
950,894,56
92,90,2
208,201,7
275,262,13
413,245,168
1872,1805,67
2003,1245,758
937,862,75
1167,1144,23
214,212,2
2359,1208,1151
386,268,118
1961,1487,474
301,230,71
1997,1645,352
2017,835,1182
1109,885,224
1301,1265,36
1099,862,237
2415,2323,92
33,31,2
561,189,372
40,38,2
3544,2969,575
2225,1437,788
530,401,129
1466,1241,225
68,58,10
1609,1314,295
1117,390,727
997,550,447
545,482,63
947,561,386
475,360,115
2700,2122,578
1022,966,56
303,222,81
613,565,48
237,214,23
1449,882,567
3154,1588,1566
53,38,15
2243,1581,662
280,218,62
2201,2120,81
402,294,108
1328,1082,246
1967,1903,64
175,134,41
1870,1771,99
1453,1098,355
655,618,37
4248,2975,1273
830,742,88
796,788,8
1321,1199,122
3206,2230,976
1116,1084,32
758,676,82
590,583,7
448,446,2
2336,2060,276
253,194,59
2677,2326,351
403,128,275
1010,702,308
55,53,2
150,125,25
1478,1195,283
440,291,149
615,525,90
1439,1413,26
85,63,22
546,386,160
1823,1365,458
902,842,60
2020,1028,992
52,48,4
4506,3477,1029
1255,1084,171
1084,606,478
351,318,33
615,607,8
3047,2800,247
765,277,488
1596,1288,308
346,275,71
175,124,51
680,650,30
2081,2030,51
1102,1087,15
118,106,12
2498,1032,1466
4407,3342,1065
2268,1878,390
147,109,38
1331,919,412
316,224,92
1278,1020,258
1862,1740,122
82,81,1
1000,860,140
122,103,19
1004,637,367
2627,2146,481
642,493,149
3404,1873,1531
1853,1589,264
612,608,4
2607,2259,348
143,125,18
2096,1186,910
1691,1387,304
909,892,17
121,100,21
121,112,9
1769,1732,37
1333,811,522
26,26,0
71,66,5
389,379,10
114,95,19
3270,2196,1074
39,39,0
952,700,252
1172,741,431
121,114,7
396,369,27
140,134,6
5164,2282,2882
1623,1312,311
884,775,109
1869,1713,156
1101,915,186
458,253,205
1297,1272,25
641,543,98
2014,1930,84
1010,997,13
409,369,40
170,161,9
1938,705,1233
1144,962,182
540,490,50
2766,2156,610
162,153,9
757,715,42
1526,1210,316
91,74,17
91,81,10
306,297,9
664,581,83
508,448,60
810,687,123
120,113,7
2169,1658,511
218,163,55
70,68,2
2155,1708,447
1510,1215,295
5245,3299,1946
2723,1922,801
694,612,82
452,394,58
5949,3162,2787
1388,1325,63
1456,1190,266
1016,745,271
2046,1960,86
2374,1603,771
524,517,7
21,21,0
1462,1138,324
470,351,119
3123,2961,162
188,170,18
235,146,89
109,66,43
85,79,6
903,826,77
317,313,4
438,316,122
473,374,99
683,679,4
1840,1407,433
451,426,25
2009,1626,383
1116,1005,111
182,178,4
659,401,258
1469,1040,429
442,435,7
1854,1777,77
1879,1586,293
3294,2649,645
991,725,266
13,13,0
4636,2028,2608
1540,1447,93
328,314,14
1247,1083,164
1669,1427,242
1887,1455,432
179,144,35
2368,2294,74
57,46,11
107,72,35
259,243,16
4630,2485,2145
386,383,3
207,146,61
369,280,89
90,84,6
721,261,460
3258,2309,949
207,148,59
147,141,6
270,195,75
6553,2885,3668
782,673,109
865,745,120
531,355,176
704,641,63
1522,1197,325
706,666,40
4201,3025,1176
1437,1364,73
1725,1157,568
508,476,32
241,90,151
2631,2352,279
70,59,11
222,133,89
1018,799,219
2458,1981,477
692,672,20
1038,937,101
642,615,27
2391,1273,1118
3034,2770,264
68,43,25
1593,1264,329
271,265,6
156,101,55
431,350,81
250,204,46
65,65,0
3891,3040,851
435,395,40
1832,1529,303
373,240,133
1115,1013,102
173,124,49
278,223,55
2003,1439,564
496,404,92
677,610,67
1974,1641,333
3671,2574,1097
2376,1429,947
1054,664,390
567,444,123
55,41,14
945,933,12
4657,2086,2571
1697,1141,556
2114,1544,570
754,469,285
2274,1801,473
1336,1244,92
503,442,61
190,180,10
7461,3386,4075
2759,1937,822
773,726,47
1796,1218,578
87,85,2
383,249,134
811,632,179
1141,1113,28
4775,2834,1941
536,520,16
2548,2026,522
1607,1571,36
1864,1767,97
3784,2884,900
414,356,58
3017,2292,725
43,42,1
857,498,359
563,555,8
1349,1005,344
23,21,2
1451,864,587
1366,1295,71
3017,2501,516
3576,2664,912
117,108,9
3182,2475,707
579,513,66
2678,1952,726
2892,1475,1417
250,242,8
639,626,13
4329,3293,1036
885,801,84
518,304,214
5370,3672,1698
708,377,331
2644,2148,496
222,218,4
5433,2855,2578
70,69,1
2675,1968,707
879,650,229
1073,924,149
219,215,4
167,138,29
85,78,7
480,333,147
147,78,69
1085,526,559
2190,1629,561
2097,1707,390
859,793,66
1108,953,155
1092,1075,17
1099,904,195
1016,929,87
2186,1817,369
5116,2629,2487
781,602,179
27,25,2
2340,1733,607
2003,1879,124
3661,1866,1795
1826,1532,294
258,221,37
815,614,201
378,356,22
2131,1750,381
1470,1239,231
81,81,0
1335,1079,256
419,409,10
157,139,18
1566,1177,389
882,713,169
343,321,22
62,59,3
730,696,34
82,82,0
491,474,17
319,291,28
1369,479,890
2300,1233,1067
2917,2588,329
1150,1058,92
1606,1228,378
495,353,142
51,47,4
55,40,15
1701,1420,281
675,633,42
53,52,1
111,79,32
138,109,29
1807,1515,292
2431,1876,555
6755,3399,3356
545,441,104
626,610,16
251,247,4
1734,1424,310
578,539,39
304,270,34
444,353,91
489,425,64
232,216,16
502,254,248
3455,1301,2154
2127,2027,100
542,499,43
3456,1233,2223
1596,1546,50
236,226,10
623,616,7
2114,1993,121
777,637,140
1363,1309,54
290,290,0
31,31,0
705,695,10
3064,1678,1386
227,213,14
3796,1949,1847
105,95,10
501,496,5
70,54,16
613,416,197
574,442,132
2792,1977,815
283,280,3
3769,2633,1136
664,547,117
3556,2934,622
59,55,4
64,63,1
3727,2892,835
3008,1735,1273
52,51,1
70,62,8
282,272,10
1106,887,219
3515,2061,1454
132,95,37
939,689,250
830,803,27
1398,1348,50
4209,3223,986
409,249,160
509,473,36
1106,1095,11
3516,2219,1297
1759,699,1060
1562,1400,162
386,270,116
389,355,34
396,262,134
215,210,5
971,385,586
4084,1842,2242
1283,1057,226
1456,1405,51
1017,855,162
297,202,95
478,472,6
153,124,29
102,96,6
1756,1107,649
1588,1541,47
539,417,122
459,333,126
66,65,1
249,244,5
2708,2340,368
9764,4001,5763
4155,3255,900
719,672,47
4313,1471,2842
170,106,64
632,406,226
470,355,115
1208,884,324
455,263,192
2244,1816,428
757,658,99
619,611,8
98,96,2
5079,1970,3109
200,196,4
607,600,7
613,442,171
54,39,15
186,179,7
354,343,11
1247,1001,246
210,195,15
284,279,5
792,686,106
664,557,107
311,211,100
211,149,62
990,810,180
1852,1751,101
526,411,115
1296,753,543
146,125,21
41,39,2
2888,2069,819
218,190,28
234,227,7
57,55,2
295,290,5
96,85,11
533,364,169
549,544,5
593,573,20
94,94,0
470,454,16
3456,1793,1663
812,762,50
730,588,142
426,410,16
928,389,539
1829,1688,141
4070,2690,1380
556,431,125
2330,2166,164
43,40,3
342,318,24
2531,2388,143
834,775,59
2296,1291,1005
1458,906,552
534,481,53
1094,907,187
354,330,24
431,171,260
406,150,256
267,255,12
1081,891,190
216,202,14
1214,952,262
694,492,202
399,387,12
130,92,38
71,59,12
1306,1116,190
951,872,79
1590,984,606
1131,913,218
278,235,43
621,571,50
743,732,11
2009,1221,788
82,61,21
601,533,68
561,482,79
90,80,10
1404,1207,197
811,686,125
616,607,9
89,79,10
328,266,62
705,593,112
37,37,0
3114,2256,858
211,86,125
353,306,47
451,419,32
450,324,126
135,123,12
472,390,82
1742,1143,599
324,285,39
463,449,14
526,524,2
1004,793,211
133,130,3
1581,1405,176
309,235,74
2266,1259,1007
2642,2111,531
382,375,7
715,686,29
1808,700,1108
3289,2784,505
5440,2492,2948
18,18,0
579,455,124
2080,1260,820
582,494,88
163,123,40
1549,1393,156
231,185,46
1530,593,937
132,121,11
405,396,9
197,168,29
5042,1927,3115
783,609,174
534,442,92
3956,2620,1336
2114,1189,925
141,136,5
537,470,67
432,232,200
38,36,2
1554,1423,131
947,933,14
227,223,4
607,537,70
659,653,6
439,169,270
2028,1644,384
114,109,5
944,698,246
615,573,42
47,47,0
1995,1468,527
226,219,7
560,533,27
356,128,228
172,139,33
302,298,4
579,555,24
38,38,0
290,259,31
150,99,51
50,49,1
1130,944,186
379,360,19
1311,1150,161
675,230,445
184,84,100
405,401,4
4764,2730,2034
4746,3125,1621
1932,1574,358
736,259,477
2070,724,1346
708,645,63
99,81,18
1104,1070,34
41,41,0
118,115,3
24,24,0
891,877,14
4685,3214,1471
647,636,11
1993,1706,287
668,515,153
125,98,27
998,732,266
2194,2061,133
3469,2740,729
300,295,5
42,40,2
888,700,188
190,156,34
1380,1064,316
2366,1163,1203
2182,1772,410
1871,1217,654
128,122,6
907,858,49
168,114,54
355,236,119
167,107,60
443,281,162
96,91,5
142,138,4
149,136,13
576,236,340
5165,3271,1894
762,669,93
701,634,67
53,44,9
852,324,528
500,315,185
1085,411,674
99,98,1
1317,1230,87
1061,788,273
4578,3318,1260
17,16,1
36,34,2
3367,2995,372
1160,1125,35
2183,1722,461
621,610,11
574,474,100
1328,1310,18
1328,1310,18
475,420,55
954,818,136
764,719,45
118,116,2
3959,2574,1385
1291,1075,216
1392,1363,29
2177,1803,374
712,592,120
4122,2999,1123
1067,1053,14
1906,1786,120
331,316,15
886,831,55
248,199,49
3404,3126,278
128,115,13
1414,1195,219
316,289,27
2082,2034,48
985,866,119
3157,2330,827
2554,2006,548
6801,3829,2972
1728,1433,295
1102,1057,45
591,581,10
2334,753,1581
853,427,426
339,293,46
101,87,14
218,210,8
3870,1828,2042
2495,2261,234
1253,1245,8
210,188,22
1308,1077,231
201,178,23
1839,1756,83
1862,1526,336
393,379,14
958,758,200
677,282,395
314,120,194
203,152,51
399,377,22
1703,1517,186
1427,1119,308
2411,2058,353
2141,1584,557
292,289,3
1045,808,237
93,91,2
3264,2737,527
210,202,8
1159,1115,44
1591,914,677
218,215,3
3665,2332,1333
4672,3212,1460
2796,2004,792
224,223,1
1698,1359,339
69,62,7
619,400,219
1731,838,893
927,822,105
206,145,61
657,289,368
1767,1196,571
156,119,37
2576,1614,962
3136,2121,1015
1231,895,336
328,256,72
430,377,53
779,584,195
388,378,10
129,110,19
1592,1045,547
387,376,11
194,152,42
441,431,10
1536,1381,155
1193,941,252
422,289,133
2773,2526,247
851,841,10
2051,1583,468
1146,921,225
53,39,14
1303,965,338
280,181,99
6368,3082,3286
1280,885,395
2225,1758,467
1621,1084,537
1361,1212,149
493,344,149
182,171,11
744,723,21
3819,2522,1297
54,52,2
3146,2184,962
583,373,210
1395,1359,36
29,27,2
545,534,11
858,777,81
66,64,2
1185,1119,66
475,455,20
1997,1709,288
390,359,31
955,923,32
387,365,22
134,133,1
1007,990,17
1535,1381,154
1931,1575,356
2391,2198,193
5284,3567,1717
154,130,24
2763,2344,419
3274,2267,1007
177,160,17
875,709,166
1729,1249,480
614,374,240
1351,1110,241
1060,1035,25
1912,1844,68
5303,3021,2282
510,467,43
112,110,2
1300,1126,174
2499,1871,628
2008,1470,538
525,512,13
1679,1223,456
3778,2225,1553
1495,1226,269
273,243,30
1674,1516,158
1588,953,635
459,310,149
593,578,15
199,165,34
1601,1269,332
102,74,28
40,40,0
28,28,0
2850,1648,1202
36,29,7
1995,1272,723
1459,1436,23
148,59,89
2931,2070,861
705,676,29
364,354,10
202,197,5
4368,2548,1820
5125,2782,2343
692,590,102
810,786,24
1207,473,734
3648,3040,608
901,883,18
153,118,35
212,153,59
193,184,9
284,277,7
20,18,2
2313,1060,1253
1522,693,829
1331,1313,18
104,95,9
405,399,6
100,95,5
1354,910,444
1302,898,404
1259,919,340
309,260,49
1385,804,581
993,915,78
3771,1961,1810
1297,1198,99
92,85,7
49,45,4
612,579,33
134,101,33
190,173,17
176,132,44
3916,2253,1663
3080,2923,157
460,167,293
1118,773,345
1743,1351,392
1889,1489,400
181,163,18
368,276,92
980,968,12
119,99,20
602,599,3
281,213,68
219,169,50
47,38,9
23,21,2
1174,907,267
754,588,166
2795,2613,182
655,624,31
92,81,11
116,96,20
2637,2055,582
3156,2195,961
507,473,34
1040,792,248
1895,1142,753
1813,1733,80
304,300,4
1311,1295,16
672,559,113
602,592,10
1333,1126,207
392,176,216
79,73,6
411,299,112
950,929,21
485,350,135
576,565,11
25,25,0
51,50,1
412,380,32
4859,2610,2249
2463,1437,1026
435,308,127
1391,1316,75
330,163,167
1094,881,213
1830,1782,48
134,83,51
1221,1207,14
1404,1247,157
577,568,9
64,43,21
867,728,139
256,238,18
609,464,145
68,65,3
2268,1236,1032
3510,2496,1014
2804,1061,1743
4783,1824,2959
698,680,18
433,382,51
35,31,4
64,64,0
194,190,4
2680,2213,467
187,140,47
3155,2008,1147
1151,600,551
1515,1448,67
1234,1191,43
1762,1532,230
488,483,5
456,432,24
686,498,188
2551,1492,1059
1478,1148,330
2238,1684,554
1491,1159,332
1185,551,634
1820,1486,334
192,151,41
760,729,31
2083,1867,216
206,195,11
33,32,1
3183,2157,1026
112,109,3
1628,1487,141
132,99,33
79,76,3
33,33,0
28,28,0
1728,1022,706
1855,1037,818
253,211,42
98,93,5
155,129,26
961,684,277
2012,1905,107
1111,930,181
2074,1334,740
708,698,10
1142,1132,10
204,199,5
2438,1474,964
2919,2570,349
288,235,53
193,82,111
2247,1540,707
126,124,2
4079,3526,553
433,378,55
1870,1564,306
462,181,281
32,30,2
22,22,0
742,700,42
1947,640,1307
295,159,136
87,82,5
1849,1593,256
337,259,78
1829,1739,90
59,49,10
2212,2149,63
1478,784,694
50,50,0
1139,1129,10
5885,3046,2839
1675,1569,106
67,62,5
807,595,212
1454,1424,30
872,680,192
1869,1236,633
158,88,70
792,321,471
1786,720,1066
889,869,20
627,395,232
120,117,3
159,157,2
2079,1588,491
779,665,114
2693,2363,330
1040,745,295
3576,2945,631
110,97,13
3447,2728,719
56,55,1
1332,1157,175
2053,733,1320
1153,926,227
2128,1399,729
1084,762,322
1818,1210,608
800,745,55
659,577,82
589,174,415
407,347,60
2062,1570,492
2925,1770,1155
1382,1055,327
546,408,138
157,142,15
490,455,35
3194,2162,1032
857,713,144
2942,2024,918
1330,1267,63
1487,1447,40
1667,1468,199
218,173,45
1114,967,147
453,402,51
157,143,14
320,311,9
32,31,1
254,129,125
1948,751,1197
389,301,88
559,391,168
24,24,0
21,21,0
3080,2826,254
192,167,25
752,595,157
561,536,25
107,107,0
374,347,27
836,547,289
300,280,20
395,371,24
837,824,13
5179,3566,1613
1983,1870,113
5245,2856,2389
540,480,60
579,401,178
611,486,125
1343,1305,38
280,239,41
76,74,2
618,244,374
2798,1977,821
914,724,190
742,181,561
670,635,35
13,13,0
875,864,11
1997,1873,124
2362,1907,455
1250,1229,21
82,77,5
44,43,1
310,308,2
85,64,21
1886,1384,502
293,226,67
150,139,11
460,352,108
224,82,142
700,672,28
3628,2463,1165
758,633,125
403,381,22
516,509,7
2565,2295,270
39,39,0
1268,701,567
2102,1680,422
431,419,12
465,459,6
3488,3154,334
4640,2800,1840
125,79,46
3460,2502,958
1870,1496,374
47,47,0
120,98,22
12,12,0
2256,2151,105
1695,1555,140
975,807,168
56,53,3
764,736,28
763,693,70
503,499,4
2651,1484,1167
252,250,2
543,434,109
202,119,83
642,538,104
57,54,3
1570,1289,281
517,416,101
686,650,36
481,390,91
139,68,71
67,54,13
30,30,0
4214,3081,1133
501,446,55
1523,1004,519
829,780,49
4714,3497,1217
1678,1495,183
1685,1484,201
2624,1237,1387
543,472,71
1890,1141,749
188,155,33
2990,2384,606
2181,1762,419
362,362,0
1692,1587,105
4266,2818,1448
704,305,399
769,737,32
4203,2510,1693
1354,1028,326
510,498,12
605,564,41
2371,1833,538
125,89,36
880,804,76
4593,3317,1276
590,487,103
133,131,2
1930,1853,77
248,226,22
1874,1564,310
2366,1021,1345
48,43,5
248,240,8
3958,2443,1515
3603,1983,1620
299,177,122
3605,3058,547
775,651,124
2099,1385,714
1102,1078,24
3489,2851,638
346,273,73
1415,941,474
326,294,32
373,229,144
1260,995,265
496,456,40
1893,1721,172
778,579,199
43,39,4
334,222,112
86,76,10
799,765,34
775,574,201
892,836,56
4470,3285,1185
852,801,51
386,300,86
52,38,14
1605,1574,31
478,404,74
339,335,4
1250,1040,210
19,19,0
173,149,24
432,404,28
123,119,4
65,47,18
709,493,216
1072,572,500
189,183,6
1035,923,112
177,174,3
2668,1709,959
188,163,25
296,294,2
681,662,19
3519,2774,745
583,576,7
1949,1862,87
757,552,205
1853,1727,126
876,623,253
1192,906,286
125,125,0
1288,1104,184
280,277,3
3336,2583,753
1362,1183,179
791,579,212
2917,2573,344
143,135,8
368,317,51
157,145,12
2794,1753,1041
677,495,182
2420,2109,311
933,916,17
3520,1801,1719
78,41,37
606,485,121
3971,1737,2234
642,603,39
1473,1280,193
495,407,88
716,705,11
1742,1492,250
429,305,124
1720,1387,333
363,136,227
1084,796,288
488,355,133
1110,974,136
1478,1239,239
4066,2657,1409
907,554,353
5681,2216,3465
112,105,7
4939,2615,2324
47,41,6
2654,2414,240
2309,1501,808
1151,375,776
496,431,65
1823,1695,128
445,432,13
30,27,3
2698,2273,425
5380,3762,1618
77,76,1
1201,1062,139
1066,948,118
2257,1574,683
2698,2303,395
515,446,69
1138,542,596
685,672,13
42,41,1
916,793,123
2107,2018,89
960,924,36
576,397,179
158,123,35
83,63,20
698,471,227
1660,887,773
1169,925,244
3390,2810,580
528,377,151
6332,3505,2827
1296,1034,262
373,371,2
690,648,42
3161,1630,1531
848,824,24
2867,2555,312
3063,2280,783
1083,1030,53
1979,1847,132
6479,2964,3515
1238,1128,110
944,537,407
68,57,11
1688,1639,49
4663,2824,1839
108,100,8
756,684,72
1228,990,238
6814,3200,3614
87,85,2
125,121,4
1383,980,403
595,485,110
346,336,10
143,137,6
102,88,14
2963,1136,1827
1103,800,303
391,281,110
4013,2665,1348
2425,1379,1046
1195,887,308
1460,1102,358
226,225,1
477,460,17
1455,1345,110
110,105,5
2171,1769,402
452,443,9
288,127,161
382,327,55
936,925,11
170,86,84
325,320,5
1668,1618,50
3889,1698,2191
485,352,133
86,59,27
90,86,4
2681,1734,947
103,102,1
207,183,24
307,292,15
2849,2620,229
229,154,75
1029,900,129
945,819,126
931,914,17
3330,1163,2167
1880,1229,651
1051,544,507
5204,3234,1970
1958,1549,409
1000,742,258
116,98,18
3809,2965,844
1506,777,729
68,65,3
3426,2277,1149
146,131,15
93,74,19
41,39,2
319,243,76
1787,1324,463
6108,3083,3025
386,370,16
1725,1362,363
513,496,17
424,414,10
75,71,4
1419,1328,91
1491,1123,368
430,401,29
1266,968,298
1623,1457,166
358,356,2
1702,617,1085
1356,1150,206
4629,2627,2002
203,179,24
228,226,2
1547,1189,358
5284,3593,1691
378,365,13
715,707,8
1274,1178,96
1574,1361,213
820,762,58
1983,1884,99
1778,1500,278
1161,1070,91
153,139,14
1022,684,338
667,560,107
3018,2102,916
4368,2285,2083
2639,2449,190
1769,696,1073
3262,2315,947
245,120,125
176,144,32
28,23,5
827,774,53
256,182,74
1132,1041,91
49,45,4
104,97,7
3043,1402,1641
8354,4019,4335
2353,2232,121
1839,1545,294
523,402,121
1147,846,301
1451,1243,208
4244,3238,1006
93,92,1
497,245,252
1919,1561,358
405,378,27
1030,646,384
43,38,5
598,579,19
82,76,6
809,793,16
5533,2539,2994
5157,2647,2510
2082,1708,374
1897,1528,369
875,761,114
1523,1258,265
718,682,36
312,310,2
463,303,160
2090,1301,789
792,653,139
821,782,39
3222,2801,421
27,24,3
2453,2365,88
4605,2148,2457
2231,1490,741
179,172,7
58,56,2
3249,2172,1077
2861,1812,1049
192,160,32
172,136,36
4850,3296,1554
142,126,16
800,780,20
1220,1210,10
743,644,99
2189,2055,134
38,33,5
197,193,4
2558,2107,451
127,126,1
1767,1716,51
786,736,50
543,532,11
725,591,134
173,105,68
1049,784,265
343,296,47
471,457,14
1219,1080,139
497,481,16
2260,2164,96
1975,1625,350
200,193,7
403,306,97
398,394,4
509,369,140
79,51,28
253,173,80
333,272,61
797,757,40
254,224,30
184,182,2
394,246,148
984,775,209
715,663,52
150,107,43
472,389,83
837,541,296
1702,1663,39
1271,479,792
2420,1974,446
1060,1031,29
64,61,3
1646,1442,204
108,105,3
11,11,0
57,57,0
946,755,191
91,80,11
2271,1617,654
130,109,21
1239,912,327
1419,1085,334
296,276,20
112,106,6
1317,1283,34
470,364,106
1109,1080,29
46,36,10
119,118,1
1856,1587,269
219,158,61
111,102,9
3179,2002,1177
1841,1556,285
467,460,7
1438,1033,405
126,92,34
424,419,5
2273,2141,132
976,964,12
4665,3415,1250
4634,2965,1669
1178,851,327
4655,3248,1407
1144,846,298
5411,2099,3312
1541,1361,180
1137,958,179
3792,2179,1613
262,239,23
2813,2013,800
4660,3142,1518
454,358,96
914,723,191
3479,2885,594
4030,2064,1966
2341,1312,1029
19,19,0
1033,789,244
2690,1901,789
766,680,86
181,177,4
151,126,25
658,565,93
1216,1191,25
1013,993,20
141,91,50
1161,1069,92
3069,2072,997
3583,3166,417
329,240,89
949,897,52
1318,1028,290
338,321,17
245,227,18
1296,872,424
1271,1004,267
123,121,2
18,18,0
924,908,16
966,935,31
1523,1085,438
895,749,146
1135,882,253
256,248,8
3225,2360,865
1531,1028,503
4358,2745,1613
387,291,96
47,44,3
1568,612,956
19,18,1
447,339,108
1212,1129,83
995,982,13
747,725,22
3023,2755,268
166,163,3
1350,1268,82
4419,3498,921
1471,968,503
1826,1657,169
703,667,36
1832,1173,659
1307,915,392
54,51,3
290,225,65
2440,1723,717
375,276,99
422,268,154
3086,1400,1686
207,204,3
3071,2540,531
859,830,29
2846,2599,247
2834,2437,397
449,440,9
76,72,4
852,588,264
106,103,3
175,128,47
963,780,183
23,22,1
906,801,105
504,428,76
770,729,41
449,434,15
310,300,10
3030,2375,655
458,373,85
820,630,190
278,207,71
1570,1306,264
3185,2479,706
970,665,305
3747,2460,1287
811,705,106
1776,998,778
41,41,0
3529,2492,1037
1035,925,110
169,138,31
411,375,36
176,146,30
224,217,7
55,52,3
174,111,63
129,117,12
135,118,17
1509,1252,257
1204,1182,22
88,85,3
45,43,2
603,593,10
773,699,74
126,125,1
39,38,1
675,587,88
1368,1118,250
666,615,51
4483,1821,2662
1604,815,789
689,625,64
97,94,3
587,582,5
1514,1293,221
437,361,76
3359,2821,538
131,129,2
2199,1760,439
1384,1092,292
268,244,24
3841,2405,1436
1445,1149,296
37,36,1
683,674,9
453,435,18
1268,1075,193
59,59,0
1718,528,1190
555,542,13
878,707,171
54,48,6
1490,741,749
39,39,0
61,60,1
2283,1861,422
723,591,132
451,432,19
70,69,1
4587,1914,2673
899,414,485
2955,1788,1167
2498,1878,620
333,330,3
5762,2917,2845
3302,1259,2043
1327,1251,76
1158,1039,119
98,87,11
498,436,62
519,497,22
297,276,21
564,285,279
328,275,53
32,30,2
725,709,16
1117,946,171
1999,1590,409
395,290,105
43,43,0
769,765,4
1288,1102,186
2854,2318,536
865,843,22
167,158,9
650,640,10
4105,2634,1471
320,296,24
4512,3363,1149
803,794,9
1177,1155,22
1359,932,427
1308,1009,299
5506,3349,2157
970,792,178
5085,2658,2427
1116,1071,45
875,576,299
369,365,4
100,97,3
360,253,107
593,585,8
3187,1972,1215
2192,1554,638
31,29,2
711,671,40
2264,909,1355
419,332,87
422,418,4
6033,3420,2613
105,67,38
6249,4087,2162
248,240,8
3249,2263,986
2310,1909,401
2312,1753,559
1295,1153,142
170,161,9
2835,2334,501
4885,3478,1407
41,36,5
1264,873,391
2192,1494,698
1794,833,961
160,148,12
896,800,96
2457,2359,98
612,417,195
5171,2379,2792
79,75,4
25,25,0
761,466,295
28,27,1
1242,1091,151
445,434,11
201,168,33
1942,1820,122
1858,1451,407
194,184,10
1900,1793,107
3427,2848,579
1637,1233,404
96,95,1
499,265,234
1155,1010,145
108,84,24
1245,864,381
1530,1428,102
756,468,288
1074,831,243
1237,1074,163
4073,2796,1277
36,35,1
2496,1516,980
67,64,3
1205,903,302
968,905,63
43,43,0
2969,2215,754
1037,996,41
2206,1979,227
201,156,45
1697,1663,34
176,174,2
1002,887,115
203,192,11
95,62,33
2859,1643,1216
78,53,25
100,83,17
130,99,31
2588,1410,1178
479,477,2
355,340,15
3117,1133,1984
198,174,24
109,106,3
791,653,138
964,676,288
163,159,4
570,554,16
2804,1843,961
244,219,25
196,194,2
2681,1756,925
259,236,23
3411,2390,1021
2243,1675,568
48,48,0
212,151,61
1987,1676,311
2711,1889,822
1082,846,236
152,130,22
2216,1768,448
453,444,9
385,292,93
1313,1061,252
1160,1036,124
7691,3698,3993
482,415,67
426,149,277
1576,1415,161
188,127,61
4775,3692,1083
562,459,103
1530,1208,322
809,783,26
2112,1746,366
2569,1566,1003
4546,1946,2600
4219,2998,1221
800,741,59
1372,1059,313
3051,2622,429
228,159,69
263,177,86
671,490,181
194,190,4
2734,2593,141
1616,1119,497
45,40,5
1949,1416,533
1231,1180,51
3074,2168,906
837,826,11
560,464,96
572,313,259
86,63,23
1559,1508,51
2658,1986,672
1950,1183,767
175,126,49
74,53,21
166,142,24
366,272,94
23,23,0
348,254,94
282,272,10
121,116,5
2588,1532,1056
1362,1319,43
6089,3458,2631
2701,1978,723
558,269,289
135,103,32
25,25,0
1668,1530,138
446,297,149
953,907,46
275,196,79
1444,1307,137
868,536,332
564,400,164
512,365,147
209,198,11
450,444,6
2664,1834,830
40,40,0
1300,1078,222
707,578,129
190,188,2
1543,1132,411
955,934,21
1250,950,300
2087,1670,417
885,829,56
340,310,30
154,148,6
579,412,167
2642,1877,765
546,481,65
50,50,0
286,158,128
2348,1698,650
475,449,26
745,698,47
198,163,35
507,492,15
3645,2359,1286
1638,1462,176
785,561,224
33,32,1
3650,3235,415
2579,2294,285
594,462,132
4602,1762,2840
3102,2563,539
105,101,4
9030,3758,5272
627,608,19
4416,2194,2222
91,85,6
1404,1388,16
476,382,94
231,137,94
956,927,29
99,83,16
224,160,64
149,145,4
987,806,181
1770,716,1054
49,48,1
549,522,27
1055,974,81
2986,1816,1170
2020,1704,316
438,411,27
1327,1292,35
1275,998,277
546,475,71
656,230,426
2048,1700,348
3140,1651,1489
279,264,15
4296,1834,2462
4421,3455,966
1624,1064,560
1856,741,1115
1768,1705,63
1032,1010,22
2446,2136,310
3895,2713,1182
25,25,0
1214,1204,10
391,269,122
2264,2167,97
1542,1205,337
307,291,16
259,235,24
569,332,237
1459,1443,16
793,632,161
117,108,9
2173,2018,155
2045,803,1242
3714,2316,1398
326,225,101
2122,2012,110
472,428,44
1266,1064,202
1751,1455,296
2050,1692,358
312,260,52
1580,1398,182
3229,2699,530
1722,1524,198
931,378,553
168,125,43
390,380,10
62,44,18
2591,1183,1408
1339,994,345
132,129,3
2478,2399,79
90,76,14
890,878,12
1295,853,442
1185,829,356
114,109,5
821,751,70
1346,1307,39
581,488,93
2558,2388,170
269,226,43
208,178,30
513,280,233
186,62,124
3142,2980,162
1865,1443,422
917,750,167
1424,1169,255
156,122,34
933,918,15
7161,4155,3006
2489,948,1541
58,55,3
625,526,99
2596,919,1677
2042,1388,654
763,502,261
733,451,282
402,305,97
4047,1973,2074
1280,804,476
785,728,57
574,567,7
87,84,3
819,582,237
1923,1570,353
1066,1007,59
1346,1169,177
2229,1404,825
216,206,10
723,680,43
2205,1164,1041
2267,2142,125
1774,1330,444
1321,1138,183
957,611,346
831,600,231
1464,1297,167
973,858,115
611,555,56
431,390,41
94,68,26
1057,810,247
135,113,22
1116,1101,15
260,258,2
2109,1829,280
216,208,8
4888,3613,1275
310,292,18
1860,1814,46
1221,1203,18
945,824,121
168,107,61
3630,2636,994
1574,1455,119
947,911,36
1005,998,7
2559,1875,684
234,224,10
891,823,68
1685,1034,651
2061,1711,350
51,50,1
1347,989,358
4523,3500,1023
783,724,59
1323,1241,82
6133,2452,3681
1150,737,413
3523,2356,1167
1399,941,458
2728,2492,236
893,628,265
133,96,37
51,36,15
1034,885,149
546,276,270
101,93,8
845,687,158
177,143,34
4413,2565,1848
1012,845,167
4050,2358,1692
847,819,28
2563,2398,165
2085,1751,334
1400,1056,344
1187,1175,12
503,464,39
945,860,85
2348,1743,605
430,227,203
447,351,96
56,49,7
67,59,8
1889,1839,50
431,300,131
801,697,104
438,323,115
572,553,19
423,192,231
714,605,109
325,238,87
746,715,31
368,367,1
3904,1428,2476
316,232,84
1822,1318,504
339,259,80
3279,2516,763
1109,971,138
134,102,32
2289,1818,471
2844,1884,960
4869,1487,3382
48,44,4
178,116,62
2273,1713,560
2541,1745,796
814,662,152
449,389,60
972,848,124
2908,2082,826
251,169,82
1448,745,703
183,167,16
372,336,36
108,92,16
421,323,98
878,858,20
1701,1507,194
1660,1590,70
129,128,1
4067,1872,2195
369,338,31
2788,1988,800
3591,2055,1536
2366,1838,528
503,469,34
367,360,7
1502,1474,28
2005,1730,275
377,281,96
5609,2482,3127
431,393,38
217,132,85
4647,3665,982
540,275,265
1207,1176,31
303,214,89
2671,1884,787
196,147,49
88,84,4
873,760,113
351,347,4
98,81,17
611,543,68
2106,1967,139
1515,1476,39
137,136,1
311,254,57
1262,928,334
50,48,2
1027,947,80
622,560,62
742,534,208
315,313,2
201,145,56
1396,974,422
1224,1191,33
316,302,14
55,38,17
49,49,0
1764,925,839
30,29,1
278,214,64
544,477,67
3531,2327,1204
500,381,119
44,42,2
4450,2909,1541
399,389,10
775,739,36
2280,832,1448
701,530,171
444,297,147
409,252,157
34,33,1
3688,3241,447
522,373,149
1956,850,1106
839,828,11
313,310,3
49,48,1
768,310,458
138,92,46
637,630,7
1387,1043,344
98,88,10
602,444,158
4510,3625,885
626,567,59
2459,1762,697
2105,1790,315
1503,1302,201
137,110,27
2164,1661,503
2684,2249,435
44,42,2
702,672,30
31,26,5
1355,1346,9
1478,1432,46
4336,2559,1777
324,242,82
1143,1132,11
675,282,393
563,241,322
321,169,152
2650,2465,185
2194,1689,505
32,29,3
586,562,24
3201,2898,303
4121,3278,843
1548,1279,269
376,318,58
1703,1278,425
1559,1450,109
1766,1071,695
3537,2893,644
3499,2009,1490
2242,2112,130
96,94,2
565,557,8
2603,973,1630
2808,1604,1204
367,234,133
404,319,85
720,708,12
630,577,53
4739,2083,2656
388,180,208
2519,1827,692
1297,738,559
63,58,5
176,150,26
53,34,19
1474,1142,332
3297,2943,354
3123,1352,1771
647,593,54
299,284,15
1732,607,1125
501,480,21
181,168,13
274,265,9
1093,743,350
1479,605,874
1079,541,538
182,168,14
2722,2508,214
87,80,7
3379,2232,1147
401,322,79
308,292,16
471,354,117
994,325,669
395,391,4
276,274,2
399,313,86
4368,3186,1182
491,486,5
261,195,66
3374,2336,1038
2316,2174,142
604,516,88
1556,1497,59
1122,962,160
1701,1142,559
22,20,2
81,61,20
394,390,4
2285,1581,704
2107,1961,146
4335,2581,1754
652,618,34
1269,1105,164
2535,2213,322
457,452,5
73,73,0
835,698,137
60,60,0
1691,1644,47
709,681,28
1317,1221,96
422,383,39
4260,3002,1258
2349,833,1516
59,54,5
3165,2420,745
606,474,132
1197,881,316
1072,593,479
911,903,8
1262,1241,21
38,33,5
242,226,16
1074,1064,10
491,406,85
441,245,196
125,124,1
490,466,24
544,537,7
878,851,27
162,147,15
4174,2430,1744
224,219,5
828,603,225
62,60,2
3046,1627,1419
34,31,3
37,37,0
95,90,5
339,274,65
1763,1493,270
1947,1836,111
930,687,243
871,831,40
1547,1498,49
86,63,23
509,488,21
1142,832,310
44,36,8
1500,1295,205
4398,2945,1453
1261,909,352
717,674,43
1797,1597,200
804,683,121
5025,3181,1844
4464,1843,2621
443,400,43
267,259,8
422,320,102
2376,2249,127
302,111,191
1118,775,343
298,225,73
1906,1599,307
1326,1169,157
1017,956,61
406,189,217
936,852,84
676,484,192
1545,1393,152
26,26,0
4136,3020,1116
1743,1522,221
186,120,66
721,616,105
87,53,34
2288,1914,374
54,53,1
506,287,219
2823,2674,149
4726,2438,2288
335,245,90
508,389,119
73,55,18
1855,1581,274
3552,2455,1097
3546,2134,1412
1713,1522,191
1730,984,746
555,552,3
575,516,59
579,570,9
863,738,125
1545,1503,42
1482,1449,33
450,331,119
123,122,1
185,166,19
2827,2447,380
1399,1219,180
300,287,13
337,324,13
1660,1625,35
463,352,111
1281,486,795
1333,971,362
935,624,311
2309,1561,748
2337,1810,527
1131,708,423
4067,2645,1422
844,772,72
1729,1386,343
905,747,158
3233,1704,1529
2664,1696,968
239,183,56
523,404,119
198,114,84
1254,1051,203
353,350,3
32,31,1
3837,3079,758
3520,2081,1439
572,566,6
1437,1343,94
3483,3032,451
46,45,1
454,435,19
50,47,3
2540,1890,650
1058,769,289
80,57,23
1649,1106,543
1009,970,39
186,68,118
1309,1066,243
1679,1309,370
835,764,71
6310,3004,3306
1259,465,794
575,550,25
3295,1257,2038
14,14,0
971,965,6
1829,1709,120
1454,1121,333
1069,809,260
107,103,4
4017,1970,2047
474,352,122
1966,1009,957
112,109,3
1771,1287,484
491,486,5
658,520,138
2671,1494,1177
2120,1681,439
1132,916,216
134,126,8
392,191,201
1332,956,376
413,213,200
2860,2829,31
1473,1441,32
2462,2104,358
1744,1378,366
973,538,435
77,72,5
3547,2565,982
959,945,14
1340,1289,51
189,185,4
390,155,235
641,538,103
2282,2211,71
156,146,10
113,84,29
36,30,6
